.\datasets\images\4634534829.jpg	[2, 1, 134, 38, 10, 1299, 17, 1, 1300, 9, 265, 598, 139, 3, 0, 0, 0, 0, 0, 0, 0, 0, 0, 0, 0, 0, 0, 0, 0, 0, 0, 0, 0, 0, 0, 0, 0, 0, 0, 0]
.\datasets\images\226531363.jpg	[2, 1, 44, 369, 4, 5, 90, 1, 1490, 4, 5, 116, 3, 0, 0, 0, 0, 0, 0, 0, 0, 0, 0, 0, 0, 0, 0, 0, 0, 0, 0, 0, 0, 0, 0, 0, 0, 0, 0, 0]
.\datasets\images\2249783869.jpg	[2, 43, 14, 28, 4, 1, 722, 723, 3, 0, 0, 0, 0, 0, 0, 0, 0, 0, 0, 0, 0, 0, 0, 0, 0, 0, 0, 0, 0, 0, 0, 0, 0, 0, 0, 0, 0, 0, 0, 0]
.\datasets\images\2588912438.jpg	[2, 1, 12, 404, 739, 1, 63, 30, 28, 6, 5, 72, 740, 29, 1, 154, 741, 452, 453, 30, 5, 8, 59, 16, 31, 10, 29, 1, 154, 4, 35, 742, 3, 0, 0, 0, 0, 0, 0, 0]
.\datasets\images\2460804866.jpg	[2, 1, 49, 20, 56, 4, 146, 1157, 6, 1, 140, 3, 0, 0, 0, 0, 0, 0, 0, 0, 0, 0, 0, 0, 0, 0, 0, 0, 0, 0, 0, 0, 0, 0, 0, 0, 0, 0, 0, 0]
.\datasets\images\133280380.jpg	[2, 1, 12, 11, 144, 10, 201, 701, 11, 1, 702, 3, 0, 0, 0, 0, 0, 0, 0, 0, 0, 0, 0, 0, 0, 0, 0, 0, 0, 0, 0, 0, 0, 0, 0, 0, 0, 0, 0, 0]
.\datasets\images\4383269886.jpg	[2, 1, 12, 4, 1, 26, 23, 4, 1, 149, 48, 71, 1344, 3, 0, 0, 0, 0, 0, 0, 0, 0, 0, 0, 0, 0, 0, 0, 0, 0, 0, 0, 0, 0, 0, 0, 0, 0, 0, 0]
.\datasets\images\3827185640.jpg	[2, 1, 18, 4, 5, 72, 9, 157, 3, 0, 0, 0, 0, 0, 0, 0, 0, 0, 0, 0, 0, 0, 0, 0, 0, 0, 0, 0, 0, 0, 0, 0, 0, 0, 0, 0, 0, 0, 0, 0]
.\datasets\images\428927040.jpg	[2, 13, 22, 14, 253, 1, 1444, 592, 3, 0, 0, 0, 0, 0, 0, 0, 0, 0, 0, 0, 0, 0, 0, 0, 0, 0, 0, 0, 0, 0, 0, 0, 0, 0, 0, 0, 0, 0, 0, 0]
.\datasets\images\4510875373.jpg	[2, 1, 12, 4, 1, 356, 23, 39, 3, 0, 0, 0, 0, 0, 0, 0, 0, 0, 0, 0, 0, 0, 0, 0, 0, 0, 0, 0, 0, 0, 0, 0, 0, 0, 0, 0, 0, 0, 0, 0]
.\datasets\images\2466171114.jpg	[2, 5, 92, 44, 11, 5, 24, 643, 10, 113, 1, 114, 3, 0, 0, 0, 0, 0, 0, 0, 0, 0, 0, 0, 0, 0, 0, 0, 0, 0, 0, 0, 0, 0, 0, 0, 0, 0, 0, 0]
.\datasets\images\4638645892.jpg	[2, 1, 629, 10, 124, 4, 630, 25, 80, 4, 5, 386, 3, 0, 0, 0, 0, 0, 0, 0, 0, 0, 0, 0, 0, 0, 0, 0, 0, 0, 0, 0, 0, 0, 0, 0, 0, 0, 0, 0]
.\datasets\images\15085612.jpg	[2, 1, 8, 19, 1, 25, 23, 1317, 263, 1318, 11, 35, 344, 614, 46, 4, 5, 100, 3, 0, 0, 0, 0, 0, 0, 0, 0, 0, 0, 0, 0, 0, 0, 0, 0, 0, 0, 0, 0, 0]
.\datasets\images\4685230116.jpg	[2, 108, 882, 22, 14, 883, 36, 1, 50, 3, 0, 0, 0, 0, 0, 0, 0, 0, 0, 0, 0, 0, 0, 0, 0, 0, 0, 0, 0, 0, 0, 0, 0, 0, 0, 0, 0, 0, 0, 0]
.\datasets\images\2191896524.jpg	[2, 1, 8, 10, 95, 107, 1, 187, 141, 10, 1, 20, 4, 5, 116, 1, 8, 10, 33, 1, 524, 7, 10, 19, 1, 391, 83, 3, 0, 0, 0, 0, 0, 0, 0, 0, 0, 0, 0, 0]
.\datasets\images\4183914060.jpg	[2, 1, 1453, 7, 35, 52, 426, 57, 1, 1454, 123, 3, 0, 0, 0, 0, 0, 0, 0, 0, 0, 0, 0, 0, 0, 0, 0, 0, 0, 0, 0, 0, 0, 0, 0, 0, 0, 0, 0, 0]
.\datasets\images\2203586218.jpg	[2, 1, 8, 4, 1, 24, 373, 29, 1, 25, 333, 600, 4, 51, 275, 1202, 35, 74, 275, 16, 1203, 16, 1, 45, 1204, 1205, 9, 1206, 3, 0, 0, 0, 0, 0, 0, 0, 0, 0, 0, 0]
.\datasets\images\4643130562.jpg	[2, 13, 1225, 43, 19, 312, 1226, 1227, 6, 5, 217, 14, 55, 17, 133, 74, 4, 32, 9, 1, 70, 3, 0, 0, 0, 0, 0, 0, 0, 0, 0, 0, 0, 0, 0, 0, 0, 0, 0, 0]
.\datasets\images\42348693.jpg	[2, 13, 22, 28, 4, 1, 221, 3, 0, 0, 0, 0, 0, 0, 0, 0, 0, 0, 0, 0, 0, 0, 0, 0, 0, 0, 0, 0, 0, 0, 0, 0, 0, 0, 0, 0, 0, 0, 0, 0]
.\datasets\images\440184957.jpg	[2, 1, 1049, 1050, 1051, 57, 264, 9, 52, 3, 0, 0, 0, 0, 0, 0, 0, 0, 0, 0, 0, 0, 0, 0, 0, 0, 0, 0, 0, 0, 0, 0, 0, 0, 0, 0, 0, 0, 0, 0]
.\datasets\images\4048117105.jpg	[2, 1, 104, 37, 9, 444, 152, 36, 1, 50, 99, 56, 323, 275, 1308, 7, 19, 1309, 7, 1310, 3, 0, 0, 0, 0, 0, 0, 0, 0, 0, 0, 0, 0, 0, 0, 0, 0, 0, 0, 0]
.\datasets\images\133280430.jpg	[2, 54, 98, 545, 327, 473, 22, 14, 64, 3, 0, 0, 0, 0, 0, 0, 0, 0, 0, 0, 0, 0, 0, 0, 0, 0, 0, 0, 0, 0, 0, 0, 0, 0, 0, 0, 0, 0, 0, 0]
.\datasets\images\1358477469.jpg	[2, 1, 8, 11, 139, 246, 737, 82, 1, 738, 3, 0, 0, 0, 0, 0, 0, 0, 0, 0, 0, 0, 0, 0, 0, 0, 0, 0, 0, 0, 0, 0, 0, 0, 0, 0, 0, 0, 0, 0]
.\datasets\images\4542251311.jpg	[2, 1387, 10, 1, 21, 8, 1388, 46, 5, 163, 9, 1, 434, 306, 3, 0, 0, 0, 0, 0, 0, 0, 0, 0, 0, 0, 0, 0, 0, 0, 0, 0, 0, 0, 0, 0, 0, 0, 0, 0]
.\datasets\images\2205958052.jpg	[2, 1, 273, 28, 4, 1, 102, 9, 1, 69, 997, 3, 0, 0, 0, 0, 0, 0, 0, 0, 0, 0, 0, 0, 0, 0, 0, 0, 0, 0, 0, 0, 0, 0, 0, 0, 0, 0, 0, 0]
.\datasets\images\424779662.jpg	[2, 54, 43, 19, 768, 9, 41, 7, 769, 3, 0, 0, 0, 0, 0, 0, 0, 0, 0, 0, 0, 0, 0, 0, 0, 0, 0, 0, 0, 0, 0, 0, 0, 0, 0, 0, 0, 0, 0, 0]
.\datasets\images\1218456659.jpg	[2, 52, 124, 4, 1, 852, 160, 214, 499, 3, 0, 0, 0, 0, 0, 0, 0, 0, 0, 0, 0, 0, 0, 0, 0, 0, 0, 0, 0, 0, 0, 0, 0, 0, 0, 0, 0, 0, 0, 0]
.\datasets\images\3730011219.jpg	[2, 1, 8, 7, 142, 14, 39, 272, 5, 88, 4, 32, 9, 5, 366, 3, 0, 0, 0, 0, 0, 0, 0, 0, 0, 0, 0, 0, 0, 0, 0, 0, 0, 0, 0, 0, 0, 0, 0, 0]
.\datasets\images\1433088025.jpg	[2, 141, 10, 1, 8, 11, 69, 145, 7, 1, 8, 11, 26, 145, 3, 0, 0, 0, 0, 0, 0, 0, 0, 0, 0, 0, 0, 0, 0, 0, 0, 0, 0, 0, 0, 0, 0, 0, 0, 0]
.\datasets\images\4589342421.jpg	[2, 1, 8, 4, 1, 611, 83, 55, 16, 35, 1465, 3, 0, 0, 0, 0, 0, 0, 0, 0, 0, 0, 0, 0, 0, 0, 0, 0, 0, 0, 0, 0, 0, 0, 0, 0, 0, 0, 0, 0]
.\datasets\images\2097650932.jpg	[2, 1, 49, 38, 10, 201, 1183, 6, 15, 1184, 122, 355, 3, 0, 0, 0, 0, 0, 0, 0, 0, 0, 0, 0, 0, 0, 0, 0, 0, 0, 0, 0, 0, 0, 0, 0, 0, 0, 0, 0]
.\datasets\images\203146155.jpg	[2, 1, 12, 11, 428, 134, 109, 1058, 110, 1, 103, 77, 87, 12, 4, 1, 442, 23, 465, 3, 0, 0, 0, 0, 0, 0, 0, 0, 0, 0, 0, 0, 0, 0, 0, 0, 0, 0, 0, 0]
.\datasets\images\4061703371.jpg	[2, 1, 8, 1301, 61, 65, 1, 269, 3, 0, 0, 0, 0, 0, 0, 0, 0, 0, 0, 0, 0, 0, 0, 0, 0, 0, 0, 0, 0, 0, 0, 0, 0, 0, 0, 0, 0, 0, 0, 0]
.\datasets\images\2537824400.jpg	[2, 86, 94, 96, 95, 16, 133, 74, 237, 1158, 3, 0, 0, 0, 0, 0, 0, 0, 0, 0, 0, 0, 0, 0, 0, 0, 0, 0, 0, 0, 0, 0, 0, 0, 0, 0, 0, 0, 0, 0]
.\datasets\images\3889711490.jpg	[2, 308, 10, 1, 37, 9, 43, 944, 16, 71, 336, 265, 11, 486, 945, 946, 3, 0, 0, 0, 0, 0, 0, 0, 0, 0, 0, 0, 0, 0, 0, 0, 0, 0, 0, 0, 0, 0, 0, 0]
.\datasets\images\139765126.jpg	[2, 1, 70, 10, 533, 60, 1, 260, 17, 534, 3, 0, 0, 0, 0, 0, 0, 0, 0, 0, 0, 0, 0, 0, 0, 0, 0, 0, 0, 0, 0, 0, 0, 0, 0, 0, 0, 0, 0, 0]
.\datasets\images\1186391461.jpg	[2, 12, 1124, 1, 114, 36, 1, 1125, 586, 3, 0, 0, 0, 0, 0, 0, 0, 0, 0, 0, 0, 0, 0, 0, 0, 0, 0, 0, 0, 0, 0, 0, 0, 0, 0, 0, 0, 0, 0, 0]
.\datasets\images\4543597747.jpg	[2, 13, 22, 1169, 47, 62, 101, 99, 3, 0, 0, 0, 0, 0, 0, 0, 0, 0, 0, 0, 0, 0, 0, 0, 0, 0, 0, 0, 0, 0, 0, 0, 0, 0, 0, 0, 0, 0, 0, 0]
.\datasets\images\468608014.jpg	[2, 1, 44, 1085, 15, 579, 1086, 40, 1, 58, 3, 0, 0, 0, 0, 0, 0, 0, 0, 0, 0, 0, 0, 0, 0, 0, 0, 0, 0, 0, 0, 0, 0, 0, 0, 0, 0, 0, 0, 0]
.\datasets\images\4146483752.jpg	[2, 1, 20, 10, 789, 1, 327, 473, 178, 109, 4, 1, 474, 450, 137, 106, 80, 61, 135, 790, 137, 475, 476, 209, 109, 6, 328, 3, 0, 0, 0, 0, 0, 0, 0, 0, 0, 0, 0, 0]
.\datasets\images\230016181.jpg	[2, 1, 12, 19, 15, 68, 83, 28, 4, 1, 1451, 6, 1, 266, 11, 1, 44, 82, 31, 3, 0, 0, 0, 0, 0, 0, 0, 0, 0, 0, 0, 0, 0, 0, 0, 0, 0, 0, 0, 0]
.\datasets\images\4477602852.jpg	[2, 13, 18, 19, 312, 14, 234, 1, 8, 296, 46, 1, 102, 281, 4, 1, 190, 3, 0, 0, 0, 0, 0, 0, 0, 0, 0, 0, 0, 0, 0, 0, 0, 0, 0, 0, 0, 0, 0, 0]
.\datasets\images\4565051147.jpg	[2, 1, 175, 120, 249, 750, 139, 14, 39, 7, 29, 81, 3, 0, 0, 0, 0, 0, 0, 0, 0, 0, 0, 0, 0, 0, 0, 0, 0, 0, 0, 0, 0, 0, 0, 0, 0, 0, 0, 0]
.\datasets\images\4501314206.jpg	[2, 1, 37, 9, 73, 22, 6, 1, 575, 7, 1485, 1486, 1487, 117, 241, 1488, 1489, 3, 0, 0, 0, 0, 0, 0, 0, 0, 0, 0, 0, 0, 0, 0, 0, 0, 0, 0, 0, 0, 0, 0]
.\datasets\images\4672366159.jpg	[2, 1, 8, 1272, 584, 16, 1273, 71, 127, 3, 0, 0, 0, 0, 0, 0, 0, 0, 0, 0, 0, 0, 0, 0, 0, 0, 0, 0, 0, 0, 0, 0, 0, 0, 0, 0, 0, 0, 0, 0]
.\datasets\images\2588912438.jpg	[2, 517, 188, 28, 64, 7, 51, 9, 97, 10, 29, 1, 154, 240, 452, 453, 3, 0, 0, 0, 0, 0, 0, 0, 0, 0, 0, 0, 0, 0, 0, 0, 0, 0, 0, 0, 0, 0, 0, 0]
.\datasets\images\4612831165.jpg	[2, 1, 175, 311, 874, 875, 3, 0, 0, 0, 0, 0, 0, 0, 0, 0, 0, 0, 0, 0, 0, 0, 0, 0, 0, 0, 0, 0, 0, 0, 0, 0, 0, 0, 0, 0, 0, 0, 0, 0]
.\datasets\images\4312223365.jpg	[2, 13, 52, 14, 117, 748, 4, 749, 455, 3, 0, 0, 0, 0, 0, 0, 0, 0, 0, 0, 0, 0, 0, 0, 0, 0, 0, 0, 0, 0, 0, 0, 0, 0, 0, 0, 0, 0, 0, 0]
.\datasets\images\406248253.jpg	[2, 13, 21, 159, 39, 485, 5, 136, 57, 9, 5, 90, 3, 0, 0, 0, 0, 0, 0, 0, 0, 0, 0, 0, 0, 0, 0, 0, 0, 0, 0, 0, 0, 0, 0, 0, 0, 0, 0, 0]
.\datasets\images\197504190.jpg	[2, 13, 52, 101, 170, 4, 5, 122, 3, 0, 0, 0, 0, 0, 0, 0, 0, 0, 0, 0, 0, 0, 0, 0, 0, 0, 0, 0, 0, 0, 0, 0, 0, 0, 0, 0, 0, 0, 0, 0]
.\datasets\images\2155529081.jpg	[2, 1, 170, 185, 1084, 11, 1, 273, 6, 5, 78, 3, 0, 0, 0, 0, 0, 0, 0, 0, 0, 0, 0, 0, 0, 0, 0, 0, 0, 0, 0, 0, 0, 0, 0, 0, 0, 0, 0, 0]
.\datasets\images\2475162978.jpg	[2, 1, 12, 29, 1, 114, 451, 1, 104, 20, 79, 4, 5, 93, 3, 0, 0, 0, 0, 0, 0, 0, 0, 0, 0, 0, 0, 0, 0, 0, 0, 0, 0, 0, 0, 0, 0, 0, 0, 0]
.\datasets\images\2158500020.jpg	[2, 1, 49, 38, 56, 4, 24, 10, 33, 11, 53, 3, 0, 0, 0, 0, 0, 0, 0, 0, 0, 0, 0, 0, 0, 0, 0, 0, 0, 0, 0, 0, 0, 0, 0, 0, 0, 0, 0, 0]
.\datasets\images\2365967839.jpg	[2, 52, 14, 183, 4, 49, 342, 3, 0, 0, 0, 0, 0, 0, 0, 0, 0, 0, 0, 0, 0, 0, 0, 0, 0, 0, 0, 0, 0, 0, 0, 0, 0, 0, 0, 0, 0, 0, 0, 0]
.\datasets\images\4269551560.jpg	[2, 1, 599, 10, 1199, 245, 16, 1200, 107, 71, 1201, 3, 0, 0, 0, 0, 0, 0, 0, 0, 0, 0, 0, 0, 0, 0, 0, 0, 0, 0, 0, 0, 0, 0, 0, 0, 0, 0, 0, 0]
.\datasets\images\189721896.jpg	[2, 1, 8, 140, 212, 46, 1, 347, 230, 873, 11, 1, 25, 192, 82, 135, 3, 0, 0, 0, 0, 0, 0, 0, 0, 0, 0, 0, 0, 0, 0, 0, 0, 0, 0, 0, 0, 0, 0, 0]
.\datasets\images\197504190.jpg	[2, 13, 49, 235, 14, 33, 64, 11, 47, 170, 114, 6, 5, 41, 93, 3, 0, 0, 0, 0, 0, 0, 0, 0, 0, 0, 0, 0, 0, 0, 0, 0, 0, 0, 0, 0, 0, 0, 0, 0]
.\datasets\images\248873392.jpg	[2, 1, 42, 4, 146, 28, 6, 1, 13, 528, 358, 3, 0, 0, 0, 0, 0, 0, 0, 0, 0, 0, 0, 0, 0, 0, 0, 0, 0, 0, 0, 0, 0, 0, 0, 0, 0, 0, 0, 0]
.\datasets\images\3798552554.jpg	[2, 1, 8, 365, 1, 1357, 4, 1, 221, 3, 0, 0, 0, 0, 0, 0, 0, 0, 0, 0, 0, 0, 0, 0, 0, 0, 0, 0, 0, 0, 0, 0, 0, 0, 0, 0, 0, 0, 0, 0]
.\datasets\images\16437914.jpg	[2, 1, 130, 513, 38, 11, 1341, 7, 26, 109, 4, 53, 3, 0, 0, 0, 0, 0, 0, 0, 0, 0, 0, 0, 0, 0, 0, 0, 0, 0, 0, 0, 0, 0, 0, 0, 0, 0, 0, 0]
.\datasets\images\4493330346.jpg	[2, 22, 4, 290, 203, 548, 968, 107, 5, 100, 3, 0, 0, 0, 0, 0, 0, 0, 0, 0, 0, 0, 0, 0, 0, 0, 0, 0, 0, 0, 0, 0, 0, 0, 0, 0, 0, 0, 0, 0]
.\datasets\images\257456026.jpg	[2, 1, 12, 39, 76, 5, 1235, 3, 0, 0, 0, 0, 0, 0, 0, 0, 0, 0, 0, 0, 0, 0, 0, 0, 0, 0, 0, 0, 0, 0, 0, 0, 0, 0, 0, 0, 0, 0, 0, 0]
.\datasets\images\121556607.jpg	[2, 54, 22, 14, 39, 36, 1, 89, 3, 0, 0, 0, 0, 0, 0, 0, 0, 0, 0, 0, 0, 0, 0, 0, 0, 0, 0, 0, 0, 0, 0, 0, 0, 0, 0, 0, 0, 0, 0, 0]
.\datasets\images\3852752203.jpg	[2, 54, 22, 940, 5, 941, 65, 1, 358, 3, 0, 0, 0, 0, 0, 0, 0, 0, 0, 0, 0, 0, 0, 0, 0, 0, 0, 0, 0, 0, 0, 0, 0, 0, 0, 0, 0, 0, 0, 0]
.\datasets\images\254166641.jpg	[2, 1, 12, 63, 1, 269, 178, 162, 4, 5, 274, 3, 0, 0, 0, 0, 0, 0, 0, 0, 0, 0, 0, 0, 0, 0, 0, 0, 0, 0, 0, 0, 0, 0, 0, 0, 0, 0, 0, 0]
.\datasets\images\2225552348.jpg	[2, 188, 381, 60, 1, 123, 4, 5, 91, 3, 0, 0, 0, 0, 0, 0, 0, 0, 0, 0, 0, 0, 0, 0, 0, 0, 0, 0, 0, 0, 0, 0, 0, 0, 0, 0, 0, 0, 0, 0]
.\datasets\images\120545123.jpg	[2, 71, 18, 11, 26, 530, 263, 26, 7, 34, 530, 14, 253, 531, 532, 6, 1, 41, 936, 3, 0, 0, 0, 0, 0, 0, 0, 0, 0, 0, 0, 0, 0, 0, 0, 0, 0, 0, 0, 0]
.\datasets\images\241031254.jpg	[2, 308, 8, 19, 1, 24, 293, 23, 7, 26, 146, 10, 27, 6, 1, 300, 4, 5, 709, 3, 0, 0, 0, 0, 0, 0, 0, 0, 0, 0, 0, 0, 0, 0, 0, 0, 0, 0, 0, 0]
.\datasets\images\4674137230.jpg	[2, 1, 886, 511, 887, 17, 1, 888, 30, 5, 324, 148, 16, 5, 889, 9, 147, 10, 265, 11, 890, 512, 7, 891, 3, 0, 0, 0, 0, 0, 0, 0, 0, 0, 0, 0, 0, 0, 0, 0]
.\datasets\images\2548795330.jpg	[2, 5, 457, 9, 1, 94, 752, 11, 96, 55, 6, 3, 0, 0, 0, 0, 0, 0, 0, 0, 0, 0, 0, 0, 0, 0, 0, 0, 0, 0, 0, 0, 0, 0, 0, 0, 0, 0, 0, 0]
.\datasets\images\418796494.jpg	[2, 1, 1456, 1457, 210, 6, 1, 236, 3, 0, 0, 0, 0, 0, 0, 0, 0, 0, 0, 0, 0, 0, 0, 0, 0, 0, 0, 0, 0, 0, 0, 0, 0, 0, 0, 0, 0, 0, 0, 0]
.\datasets\images\17314123.jpg	[2, 1, 42, 115, 46, 17, 5, 194, 77, 137, 178, 459, 761, 7, 762, 3, 0, 0, 0, 0, 0, 0, 0, 0, 0, 0, 0, 0, 0, 0, 0, 0, 0, 0, 0, 0, 0, 0, 0, 0]
.\datasets\images\2335504881.jpg	[2, 5, 63, 10, 248, 11, 34, 26, 1093, 3, 0, 0, 0, 0, 0, 0, 0, 0, 0, 0, 0, 0, 0, 0, 0, 0, 0, 0, 0, 0, 0, 0, 0, 0, 0, 0, 0, 0, 0, 0]
.\datasets\images\1145810912.jpg	[2, 1, 42, 514, 1, 892, 515, 3, 0, 0, 0, 0, 0, 0, 0, 0, 0, 0, 0, 0, 0, 0, 0, 0, 0, 0, 0, 0, 0, 0, 0, 0, 0, 0, 0, 0, 0, 0, 0, 0]
.\datasets\images\4463818813.jpg	[2, 1, 85, 12, 1442, 3, 0, 0, 0, 0, 0, 0, 0, 0, 0, 0, 0, 0, 0, 0, 0, 0, 0, 0, 0, 0, 0, 0, 0, 0, 0, 0, 0, 0, 0, 0, 0, 0, 0, 0]
.\datasets\images\1026792563.jpg	[2, 1, 37, 9, 43, 14, 245, 16, 1076, 47, 456, 421, 3, 0, 0, 0, 0, 0, 0, 0, 0, 0, 0, 0, 0, 0, 0, 0, 0, 0, 0, 0, 0, 0, 0, 0, 0, 0, 0, 0]
.\datasets\images\2434010943.jpg	[2, 1, 21, 26, 38, 19, 1, 25, 23, 7, 1, 25, 1015, 10, 55, 17, 5, 75, 3, 0, 0, 0, 0, 0, 0, 0, 0, 0, 0, 0, 0, 0, 0, 0, 0, 0, 0, 0, 0, 0]
.\datasets\images\2525228677.jpg	[2, 54, 22, 117, 40, 5, 88, 3, 0, 0, 0, 0, 0, 0, 0, 0, 0, 0, 0, 0, 0, 0, 0, 0, 0, 0, 0, 0, 0, 0, 0, 0, 0, 0, 0, 0, 0, 0, 0, 0]
.\datasets\images\198409708.jpg	[2, 1, 20, 4, 1, 24, 23, 106, 1, 1071, 1072, 27, 4, 32, 9, 41, 455, 3, 0, 0, 0, 0, 0, 0, 0, 0, 0, 0, 0, 0, 0, 0, 0, 0, 0, 0, 0, 0, 0, 0]
.\datasets\images\216696529.jpg	[2, 376, 22, 98, 6, 239, 613, 94, 3, 0, 0, 0, 0, 0, 0, 0, 0, 0, 0, 0, 0, 0, 0, 0, 0, 0, 0, 0, 0, 0, 0, 0, 0, 0, 0, 0, 0, 0, 0, 0]
.\datasets\images\2406591500.jpg	[2, 13, 21, 52, 51, 4, 193, 72, 79, 36, 1354, 155, 40, 1355, 3, 0, 0, 0, 0, 0, 0, 0, 0, 0, 0, 0, 0, 0, 0, 0, 0, 0, 0, 0, 0, 0, 0, 0, 0, 0]
.\datasets\images\1255599434.jpg	[2, 54, 52, 19, 507, 857, 7, 508, 181, 101, 4, 5, 858, 3, 0, 0, 0, 0, 0, 0, 0, 0, 0, 0, 0, 0, 0, 0, 0, 0, 0, 0, 0, 0, 0, 0, 0, 0, 0, 0]
.\datasets\images\4070093390.jpg	[2, 1, 262, 9, 18, 27, 4, 222, 3, 0, 0, 0, 0, 0, 0, 0, 0, 0, 0, 0, 0, 0, 0, 0, 0, 0, 0, 0, 0, 0, 0, 0, 0, 0, 0, 0, 0, 0, 0, 0]
.\datasets\images\3723850224.jpg	[2, 1, 8, 487, 504, 36, 6, 5, 93, 17, 1, 122, 148, 505, 13, 215, 321, 1, 104, 266, 11, 254, 7, 342, 856, 216, 5, 266, 3, 0, 0, 0, 0, 0, 0, 0, 0, 0, 0, 0]
.\datasets\images\247189554.jpg	[2, 1, 8, 4, 139, 28, 11, 35, 320, 460, 3, 0, 0, 0, 0, 0, 0, 0, 0, 0, 0, 0, 0, 0, 0, 0, 0, 0, 0, 0, 0, 0, 0, 0, 0, 0, 0, 0, 0, 0]
.\datasets\images\4459033855.jpg	[2, 22, 4, 663, 405, 1, 406, 407, 4, 32, 9, 1, 408, 9, 5, 664, 287, 229, 3, 0, 0, 0, 0, 0, 0, 0, 0, 0, 0, 0, 0, 0, 0, 0, 0, 0, 0, 0, 0, 0]
.\datasets\images\112719695.jpg	[2, 223, 39, 36, 5, 50, 29, 1, 431, 3, 0, 0, 0, 0, 0, 0, 0, 0, 0, 0, 0, 0, 0, 0, 0, 0, 0, 0, 0, 0, 0, 0, 0, 0, 0, 0, 0, 0, 0, 0]
.\datasets\images\4062894483.jpg	[2, 5, 86, 10, 28, 17, 5, 86, 243, 11, 1136, 1137, 168, 1138, 60, 3, 0, 0, 0, 0, 0, 0, 0, 0, 0, 0, 0, 0, 0, 0, 0, 0, 0, 0, 0, 0, 0, 0, 0, 0]
.\datasets\images\21166859.jpg	[2, 1, 37, 9, 1324, 14, 253, 6, 1, 132, 4, 32, 9, 1, 70, 3, 0, 0, 0, 0, 0, 0, 0, 0, 0, 0, 0, 0, 0, 0, 0, 0, 0, 0, 0, 0, 0, 0, 0, 0]
.\datasets\images\434035725.jpg	[2, 1, 8, 4, 1, 41, 225, 95, 16, 13, 12, 61, 341, 3, 0, 0, 0, 0, 0, 0, 0, 0, 0, 0, 0, 0, 0, 0, 0, 0, 0, 0, 0, 0, 0, 0, 0, 0, 0, 0]
.\datasets\images\2409312675.jpg	[2, 5, 251, 615, 16, 258, 1443, 4, 5, 560, 3, 0, 0, 0, 0, 0, 0, 0, 0, 0, 0, 0, 0, 0, 0, 0, 0, 0, 0, 0, 0, 0, 0, 0, 0, 0, 0, 0, 0, 0]
.\datasets\images\3793619579.jpg	[2, 1, 20, 4, 1, 25, 23, 128, 1, 179, 280, 4, 35, 81, 30, 27, 6, 1, 300, 4, 1, 122, 3, 0, 0, 0, 0, 0, 0, 0, 0, 0, 0, 0, 0, 0, 0, 0, 0, 0]
.\datasets\images\4265333893.jpg	[2, 1, 223, 28, 19, 1, 34, 83, 25, 624, 625, 60, 31, 162, 224, 276, 9, 382, 6, 5, 50, 3, 0, 0, 0, 0, 0, 0, 0, 0, 0, 0, 0, 0, 0, 0, 0, 0, 0, 0]
.\datasets\images\155560281.jpg	[2, 1, 42, 10, 477, 6, 5, 91, 3, 0, 0, 0, 0, 0, 0, 0, 0, 0, 0, 0, 0, 0, 0, 0, 0, 0, 0, 0, 0, 0, 0, 0, 0, 0, 0, 0, 0, 0, 0, 0]
.\datasets\images\248482305.jpg	[2, 1, 37, 9, 18, 590, 1139, 17, 1, 1140, 4, 5, 435, 3, 0, 0, 0, 0, 0, 0, 0, 0, 0, 0, 0, 0, 0, 0, 0, 0, 0, 0, 0, 0, 0, 0, 0, 0, 0, 0]
.\datasets\images\2536991887.jpg	[2, 96, 4, 68, 291, 14, 98, 6, 5, 86, 1482, 3, 0, 0, 0, 0, 0, 0, 0, 0, 0, 0, 0, 0, 0, 0, 0, 0, 0, 0, 0, 0, 0, 0, 0, 0, 0, 0, 0, 0]
.\datasets\images\2306603691.jpg	[2, 1, 142, 10, 390, 1, 69, 329, 4, 15, 304, 78, 11, 15, 567, 8, 27, 82, 135, 3, 0, 0, 0, 0, 0, 0, 0, 0, 0, 0, 0, 0, 0, 0, 0, 0, 0, 0, 0, 0]
.\datasets\images\2145008658.jpg	[2, 1, 8, 105, 11, 35, 344, 460, 111, 17, 131, 57, 9, 423, 3, 0, 0, 0, 0, 0, 0, 0, 0, 0, 0, 0, 0, 0, 0, 0, 0, 0, 0, 0, 0, 0, 0, 0, 0, 0]
.\datasets\images\2224450291.jpg	[2, 8, 4, 1, 25, 23, 11, 1, 75, 3, 0, 0, 0, 0, 0, 0, 0, 0, 0, 0, 0, 0, 0, 0, 0, 0, 0, 0, 0, 0, 0, 0, 0, 0, 0, 0, 0, 0, 0, 0]
.\datasets\images\4377820231.jpg	[2, 1, 21, 73, 38, 67, 4, 15, 68, 103, 7, 115, 271, 110, 5, 75, 3, 0, 0, 0, 0, 0, 0, 0, 0, 0, 0, 0, 0, 0, 0, 0, 0, 0, 0, 0, 0, 0, 0, 0]
.\datasets\images\2168723623.jpg	[2, 1, 12, 11, 92, 109, 7, 34, 1370, 120, 10, 174, 1, 208, 11, 1, 1371, 82, 31, 3, 0, 0, 0, 0, 0, 0, 0, 0, 0, 0, 0, 0, 0, 0, 0, 0, 0, 0, 0, 0]
.\datasets\images\2550646414.jpg	[2, 933, 11, 1, 934, 459, 935, 3, 0, 0, 0, 0, 0, 0, 0, 0, 0, 0, 0, 0, 0, 0, 0, 0, 0, 0, 0, 0, 0, 0, 0, 0, 0, 0, 0, 0, 0, 0, 0, 0]
.\datasets\images\374438018.jpg	[2, 1182, 205, 17, 1, 596, 330, 3, 0, 0, 0, 0, 0, 0, 0, 0, 0, 0, 0, 0, 0, 0, 0, 0, 0, 0, 0, 0, 0, 0, 0, 0, 0, 0, 0, 0, 0, 0, 0, 0]
.\datasets\images\4507759822.jpg	[2, 1, 12, 1010, 1, 50, 11, 1, 21, 20, 77, 342, 65, 97, 3, 0, 0, 0, 0, 0, 0, 0, 0, 0, 0, 0, 0, 0, 0, 0, 0, 0, 0, 0, 0, 0, 0, 0, 0, 0]
.\datasets\images\1716077525.jpg	[2, 1, 8, 19, 1, 26, 23, 11, 139, 1320, 1, 1321, 3, 0, 0, 0, 0, 0, 0, 0, 0, 0, 0, 0, 0, 0, 0, 0, 0, 0, 0, 0, 0, 0, 0, 0, 0, 0, 0, 0]
.\datasets\images\4165414625.jpg	[2, 96, 4, 1, 803, 14, 481, 7, 804, 805, 3, 0, 0, 0, 0, 0, 0, 0, 0, 0, 0, 0, 0, 0, 0, 0, 0, 0, 0, 0, 0, 0, 0, 0, 0, 0, 0, 0, 0, 0]
.\datasets\images\2537758674.jpg	[2, 1, 8, 29, 1, 219, 66, 19, 15, 68, 23, 115, 17, 5, 75, 3, 0, 0, 0, 0, 0, 0, 0, 0, 0, 0, 0, 0, 0, 0, 0, 0, 0, 0, 0, 0, 0, 0, 0, 0]
.\datasets\images\1510926782.jpg	[2, 1, 12, 29, 1, 498, 105, 4, 32, 9, 1, 840, 841, 9, 842, 41, 843, 844, 845, 9, 332, 846, 847, 848, 7, 332, 849, 3, 0, 0, 0, 0, 0, 0, 0, 0, 0, 0, 0, 0]
.\datasets\images\2250555512.jpg	[2, 1, 914, 525, 9, 1, 8, 357, 1, 41, 445, 4, 1, 915, 3, 0, 0, 0, 0, 0, 0, 0, 0, 0, 0, 0, 0, 0, 0, 0, 0, 0, 0, 0, 0, 0, 0, 0, 0, 0]
.\datasets\images\214417276.jpg	[2, 1, 12, 4, 1, 1362, 153, 10, 246, 1363, 4, 11, 1, 8, 4, 1, 299, 3, 0, 0, 0, 0, 0, 0, 0, 0, 0, 0, 0, 0, 0, 0, 0, 0, 0, 0, 0, 0, 0, 0]
.\datasets\images\2114126343.jpg	[2, 206, 43, 4, 1033, 1034, 1035, 6, 16, 1, 192, 65, 5, 366, 3, 0, 0, 0, 0, 0, 0, 0, 0, 0, 0, 0, 0, 0, 0, 0, 0, 0, 0, 0, 0, 0, 0, 0, 0, 0]
.\datasets\images\419638730.jpg	[2, 1, 462, 166, 253, 17, 1, 462, 765, 3, 0, 0, 0, 0, 0, 0, 0, 0, 0, 0, 0, 0, 0, 0, 0, 0, 0, 0, 0, 0, 0, 0, 0, 0, 0, 0, 0, 0, 0, 0]
.\datasets\images\4613263773.jpg	[2, 112, 101, 394, 192, 4, 1, 395, 644, 3, 0, 0, 0, 0, 0, 0, 0, 0, 0, 0, 0, 0, 0, 0, 0, 0, 0, 0, 0, 0, 0, 0, 0, 0, 0, 0, 0, 0, 0, 0]
.\datasets\images\4499296995.jpg	[2, 1, 223, 7, 1, 20, 14, 29, 81, 3, 0, 0, 0, 0, 0, 0, 0, 0, 0, 0, 0, 0, 0, 0, 0, 0, 0, 0, 0, 0, 0, 0, 0, 0, 0, 0, 0, 0, 0, 0]
.\datasets\images\3971893411.jpg	[2, 1, 37, 9, 1452, 98, 447, 1, 125, 89, 3, 0, 0, 0, 0, 0, 0, 0, 0, 0, 0, 0, 0, 0, 0, 0, 0, 0, 0, 0, 0, 0, 0, 0, 0, 0, 0, 0, 0, 0]
.\datasets\images\151970521.jpg	[2, 12, 56, 4, 25, 28, 6, 1, 158, 11, 1, 1245, 59, 16, 31, 55, 76, 31, 1246, 11, 1, 385, 1247, 82, 31, 11, 1, 8, 7, 1, 12, 39, 4, 1248, 593, 110, 51, 87, 3, 0]
.\datasets\images\468697082.jpg	[2, 1, 37, 9, 18, 14, 27, 6, 1, 132, 11, 118, 1293, 6, 105, 3, 0, 0, 0, 0, 0, 0, 0, 0, 0, 0, 0, 0, 0, 0, 0, 0, 0, 0, 0, 0, 0, 0, 0, 0]
.\datasets\images\218211630.jpg	[2, 346, 365, 593, 4, 15, 73, 572, 3, 0, 0, 0, 0, 0, 0, 0, 0, 0, 0, 0, 0, 0, 0, 0, 0, 0, 0, 0, 0, 0, 0, 0, 0, 0, 0, 0, 0, 0, 0, 0]
.\datasets\images\2373234213.jpg	[2, 13, 235, 138, 6, 1, 345, 3, 0, 0, 0, 0, 0, 0, 0, 0, 0, 0, 0, 0, 0, 0, 0, 0, 0, 0, 0, 0, 0, 0, 0, 0, 0, 0, 0, 0, 0, 0, 0, 0]
.\datasets\images\2374247382.jpg	[2, 5, 42, 10, 6, 1, 184, 1504, 269, 3, 0, 0, 0, 0, 0, 0, 0, 0, 0, 0, 0, 0, 0, 0, 0, 0, 0, 0, 0, 0, 0, 0, 0, 0, 0, 0, 0, 0, 0, 0]
.\datasets\images\25166900.jpg	[2, 1, 26, 12, 19, 1, 1177, 1178, 431, 293, 23, 7, 160, 1179, 3, 0, 0, 0, 0, 0, 0, 0, 0, 0, 0, 0, 0, 0, 0, 0, 0, 0, 0, 0, 0, 0, 0, 0, 0, 0]
.\datasets\images\405692224.jpg	[2, 168, 22, 4, 69, 181, 7, 51, 12, 4, 15, 68, 23, 174, 1, 963, 545, 7, 111, 3, 0, 0, 0, 0, 0, 0, 0, 0, 0, 0, 0, 0, 0, 0, 0, 0, 0, 0, 0, 0]
.\datasets\images\2157173498.jpg	[2, 1, 315, 827, 167, 1, 90, 828, 11, 1, 204, 829, 4, 5, 116, 3, 0, 0, 0, 0, 0, 0, 0, 0, 0, 0, 0, 0, 0, 0, 0, 0, 0, 0, 0, 0, 0, 0, 0, 0]
.\datasets\images\228866972.jpg	[2, 1, 21, 20, 582, 1, 24, 329, 3, 0, 0, 0, 0, 0, 0, 0, 0, 0, 0, 0, 0, 0, 0, 0, 0, 0, 0, 0, 0, 0, 0, 0, 0, 0, 0, 0, 0, 0, 0, 0]
.\datasets\images\205744277.jpg	[2, 1, 37, 9, 96, 63, 131, 3, 0, 0, 0, 0, 0, 0, 0, 0, 0, 0, 0, 0, 0, 0, 0, 0, 0, 0, 0, 0, 0, 0, 0, 0, 0, 0, 0, 0, 0, 0, 0, 0]
.\datasets\images\1304100320.jpg	[2, 13, 129, 62, 379, 76, 1, 78, 9, 84, 1329, 3, 0, 0, 0, 0, 0, 0, 0, 0, 0, 0, 0, 0, 0, 0, 0, 0, 0, 0, 0, 0, 0, 0, 0, 0, 0, 0, 0, 0]
.\datasets\images\1269844288.jpg	[2, 12, 912, 31, 478, 65, 1, 45, 70, 9, 18, 17, 15, 522, 523, 3, 0, 0, 0, 0, 0, 0, 0, 0, 0, 0, 0, 0, 0, 0, 0, 0, 0, 0, 0, 0, 0, 0, 0, 0]
.\datasets\images\2270649560.jpg	[2, 1, 20, 4, 1, 69, 23, 10, 477, 61, 1, 568, 316, 9, 53, 3, 0, 0, 0, 0, 0, 0, 0, 0, 0, 0, 0, 0, 0, 0, 0, 0, 0, 0, 0, 0, 0, 0, 0, 0]
.\datasets\images\2059930850.jpg	[2, 21, 20, 29, 1, 179, 4, 1, 190, 3, 0, 0, 0, 0, 0, 0, 0, 0, 0, 0, 0, 0, 0, 0, 0, 0, 0, 0, 0, 0, 0, 0, 0, 0, 0, 0, 0, 0, 0, 0]
.\datasets\images\124488273.jpg	[2, 1, 37, 9, 18, 11, 377, 55, 4, 5, 1267, 87, 21, 58, 10, 1268, 3, 0, 0, 0, 0, 0, 0, 0, 0, 0, 0, 0, 0, 0, 0, 0, 0, 0, 0, 0, 0, 0, 0, 0]
.\datasets\images\2536978777.jpg	[2, 118, 22, 4, 94, 203, 14, 27, 99, 3, 0, 0, 0, 0, 0, 0, 0, 0, 0, 0, 0, 0, 0, 0, 0, 0, 0, 0, 0, 0, 0, 0, 0, 0, 0, 0, 0, 0, 0, 0]
.\datasets\images\2303609756.jpg	[2, 648, 649, 650, 6, 5, 396, 282, 3, 0, 0, 0, 0, 0, 0, 0, 0, 0, 0, 0, 0, 0, 0, 0, 0, 0, 0, 0, 0, 0, 0, 0, 0, 0, 0, 0, 0, 0, 0, 0]
.\datasets\images\212556127.jpg	[2, 1, 111, 8, 27, 6, 13, 430, 3, 0, 0, 0, 0, 0, 0, 0, 0, 0, 0, 0, 0, 0, 0, 0, 0, 0, 0, 0, 0, 0, 0, 0, 0, 0, 0, 0, 0, 0, 0, 0]
.\datasets\images\1478414349.jpg	[2, 206, 22, 14, 467, 468, 9, 780, 469, 254, 6, 206, 470, 3, 0, 0, 0, 0, 0, 0, 0, 0, 0, 0, 0, 0, 0, 0, 0, 0, 0, 0, 0, 0, 0, 0, 0, 0, 0, 0]
.\datasets\images\463554115.jpg	[2, 15, 73, 12, 10, 28, 4, 1, 1484, 11, 31, 559, 7, 29, 1, 510, 25, 429, 3, 0, 0, 0, 0, 0, 0, 0, 0, 0, 0, 0, 0, 0, 0, 0, 0, 0, 0, 0, 0, 0]
.\datasets\images\2178064851.jpg	[2, 5, 42, 106, 1, 1327, 6, 7, 10, 4, 5, 53, 3, 0, 0, 0, 0, 0, 0, 0, 0, 0, 0, 0, 0, 0, 0, 0, 0, 0, 0, 0, 0, 0, 0, 0, 0, 0, 0, 0]
.\datasets\images\2452794213.jpg	[2, 238, 14, 520, 110, 118, 1108, 64, 584, 16, 258, 1109, 3, 0, 0, 0, 0, 0, 0, 0, 0, 0, 0, 0, 0, 0, 0, 0, 0, 0, 0, 0, 0, 0, 0, 0, 0, 0, 0, 0]
.\datasets\images\1010087623.jpg	[2, 13, 18, 98, 6, 15, 1266, 222, 3, 0, 0, 0, 0, 0, 0, 0, 0, 0, 0, 0, 0, 0, 0, 0, 0, 0, 0, 0, 0, 0, 0, 0, 0, 0, 0, 0, 0, 0, 0, 0]
.\datasets\images\2360159351.jpg	[2, 21, 42, 210, 65, 800, 3, 0, 0, 0, 0, 0, 0, 0, 0, 0, 0, 0, 0, 0, 0, 0, 0, 0, 0, 0, 0, 0, 0, 0, 0, 0, 0, 0, 0, 0, 0, 0, 0, 0]
.\datasets\images\2290556804.jpg	[2, 484, 7, 1, 42, 583, 359, 6, 1, 319, 3, 0, 0, 0, 0, 0, 0, 0, 0, 0, 0, 0, 0, 0, 0, 0, 0, 0, 0, 0, 0, 0, 0, 0, 0, 0, 0, 0, 0, 0]
.\datasets\images\4280369285.jpg	[2, 1, 125, 277, 143, 11, 1, 45, 34, 387, 631, 6, 5, 163, 10, 632, 633, 6, 1, 125, 277, 3, 0, 0, 0, 0, 0, 0, 0, 0, 0, 0, 0, 0, 0, 0, 0, 0, 0, 0]
.\datasets\images\2107951699.jpg	[2, 1, 218, 121, 12, 1446, 1, 1447, 9, 1, 37, 9, 327, 43, 3, 0, 0, 0, 0, 0, 0, 0, 0, 0, 0, 0, 0, 0, 0, 0, 0, 0, 0, 0, 0, 0, 0, 0, 0, 0]
.\datasets\images\2044063458.jpg	[2, 13, 62, 616, 1, 25, 114, 4, 1, 78, 3, 0, 0, 0, 0, 0, 0, 0, 0, 0, 0, 0, 0, 0, 0, 0, 0, 0, 0, 0, 0, 0, 0, 0, 0, 0, 0, 0, 0, 0]
.\datasets\images\122188825.jpg	[2, 13, 94, 96, 14, 381, 46, 863, 6, 1, 89, 3, 0, 0, 0, 0, 0, 0, 0, 0, 0, 0, 0, 0, 0, 0, 0, 0, 0, 0, 0, 0, 0, 0, 0, 0, 0, 0, 0, 0]
.\datasets\images\3952964772.jpg	[2, 1, 8, 7, 1, 12, 14, 815, 13, 490, 491, 1, 334, 3, 0, 0, 0, 0, 0, 0, 0, 0, 0, 0, 0, 0, 0, 0, 0, 0, 0, 0, 0, 0, 0, 0, 0, 0, 0, 0]
.\datasets\images\162060045.jpg	[2, 1, 297, 19, 1, 425, 195, 7, 26, 238, 10, 426, 46, 694, 6, 5, 91, 30, 18, 298, 5, 50, 82, 135, 3, 0, 0, 0, 0, 0, 0, 0, 0, 0, 0, 0, 0, 0, 0, 0]
.\datasets\images\2216631622.jpg	[2, 1, 94, 148, 668, 167, 40, 669, 3, 0, 0, 0, 0, 0, 0, 0, 0, 0, 0, 0, 0, 0, 0, 0, 0, 0, 0, 0, 0, 0, 0, 0, 0, 0, 0, 0, 0, 0, 0, 0]
.\datasets\images\24187380.jpg	[2, 22, 250, 94, 6, 1, 89, 3, 0, 0, 0, 0, 0, 0, 0, 0, 0, 0, 0, 0, 0, 0, 0, 0, 0, 0, 0, 0, 0, 0, 0, 0, 0, 0, 0, 0, 0, 0, 0, 0]
.\datasets\images\1973993787.jpg	[2, 1, 1038, 1039, 10, 1040, 11, 24, 492, 304, 4, 47, 81, 7, 15, 1041, 4, 32, 1042, 3, 0, 0, 0, 0, 0, 0, 0, 0, 0, 0, 0, 0, 0, 0, 0, 0, 0, 0, 0, 0]
.\datasets\images\4597021222.jpg	[2, 13, 22, 51, 33, 1, 356, 161, 7, 5, 74, 33, 15, 506, 28, 6, 368, 606, 3, 0, 0, 0, 0, 0, 0, 0, 0, 0, 0, 0, 0, 0, 0, 0, 0, 0, 0, 0, 0, 0]
.\datasets\images\4329179652.jpg	[2, 13, 18, 33, 1, 185, 321, 133, 74, 3, 0, 0, 0, 0, 0, 0, 0, 0, 0, 0, 0, 0, 0, 0, 0, 0, 0, 0, 0, 0, 0, 0, 0, 0, 0, 0, 0, 0, 0, 0]
.\datasets\images\136391987.jpg	[2, 54, 43, 39, 99, 36, 5, 136, 51, 10, 19, 1, 428, 24, 299, 3, 0, 0, 0, 0, 0, 0, 0, 0, 0, 0, 0, 0, 0, 0, 0, 0, 0, 0, 0, 0, 0, 0, 0, 0]
.\datasets\images\3977684660.jpg	[2, 1, 8, 10, 27, 7, 95, 16, 87, 8, 120, 10, 301, 61, 71, 699, 3, 0, 0, 0, 0, 0, 0, 0, 0, 0, 0, 0, 0, 0, 0, 0, 0, 0, 0, 0, 0, 0, 0, 0]
.\datasets\images\4486660330.jpg	[2, 54, 22, 19, 151, 14, 218, 17, 1, 150, 198, 15, 1107, 4, 1, 340, 3, 0, 0, 0, 0, 0, 0, 0, 0, 0, 0, 0, 0, 0, 0, 0, 0, 0, 0, 0, 0, 0, 0, 0]
.\datasets\images\4642869349.jpg	[2, 1, 37, 9, 18, 56, 4, 41, 7, 24, 14, 124, 4, 1, 259, 64, 9, 1, 24, 63, 3, 0, 0, 0, 0, 0, 0, 0, 0, 0, 0, 0, 0, 0, 0, 0, 0, 0, 0, 0]
.\datasets\images\4116166193.jpg	[2, 8, 4, 186, 7, 225, 261, 107, 1, 187, 30, 365, 1, 1024, 3, 0, 0, 0, 0, 0, 0, 0, 0, 0, 0, 0, 0, 0, 0, 0, 0, 0, 0, 0, 0, 0, 0, 0, 0, 0]
.\datasets\images\4073086719.jpg	[2, 15, 546, 4, 24, 80, 29, 1, 288, 10, 231, 6, 47, 217, 30, 87, 546, 4, 26, 80, 10, 231, 6, 72, 9, 97, 11, 47, 320, 964, 61, 97, 3, 0, 0, 0, 0, 0, 0, 0]
.\datasets\images\4554343250.jpg	[2, 1, 21, 12, 19, 1, 1242, 1243, 173, 1244, 16, 31, 411, 3, 0, 0, 0, 0, 0, 0, 0, 0, 0, 0, 0, 0, 0, 0, 0, 0, 0, 0, 0, 0, 0, 0, 0, 0, 0, 0]
.\datasets\images\4622296311.jpg	[2, 1, 37, 9, 232, 895, 896, 355, 430, 76, 1, 119, 3, 0, 0, 0, 0, 0, 0, 0, 0, 0, 0, 0, 0, 0, 0, 0, 0, 0, 0, 0, 0, 0, 0, 0, 0, 0, 0, 0]
.\datasets\images\4535869941.jpg	[2, 1, 37, 9, 49, 112, 19, 26, 1075, 11, 34, 348, 4, 47, 576, 240, 16, 283, 3, 0, 0, 0, 0, 0, 0, 0, 0, 0, 0, 0, 0, 0, 0, 0, 0, 0, 0, 0, 0, 0]
.\datasets\images\374567836.jpg	[2, 1, 49, 44, 67, 4, 5, 90, 59, 16, 35, 41, 179, 3, 0, 0, 0, 0, 0, 0, 0, 0, 0, 0, 0, 0, 0, 0, 0, 0, 0, 0, 0, 0, 0, 0, 0, 0, 0, 0]
.\datasets\images\463475838.jpg	[2, 45, 70, 4, 1, 838, 3, 0, 0, 0, 0, 0, 0, 0, 0, 0, 0, 0, 0, 0, 0, 0, 0, 0, 0, 0, 0, 0, 0, 0, 0, 0, 0, 0, 0, 0, 0, 0, 0, 0]
.\datasets\images\4600972102.jpg	[2, 1, 8, 29, 1, 196, 10, 55, 17, 15, 85, 8, 117, 678, 679, 680, 3, 0, 0, 0, 0, 0, 0, 0, 0, 0, 0, 0, 0, 0, 0, 0, 0, 0, 0, 0, 0, 0, 0, 0]
.\datasets\images\1775223211.jpg	[2, 1, 12, 1358, 5, 1359, 46, 1360, 412, 31, 320, 14, 1361, 3, 0, 0, 0, 0, 0, 0, 0, 0, 0, 0, 0, 0, 0, 0, 0, 0, 0, 0, 0, 0, 0, 0, 0, 0, 0, 0]
.\datasets\images\4628406069.jpg	[2, 13, 96, 350, 1322, 16, 322, 1, 1323, 3, 0, 0, 0, 0, 0, 0, 0, 0, 0, 0, 0, 0, 0, 0, 0, 0, 0, 0, 0, 0, 0, 0, 0, 0, 0, 0, 0, 0, 0, 0]
.\datasets\images\40302299.jpg	[2, 13, 22, 4, 25, 181, 14, 95, 16, 133, 74, 30, 1104, 52, 152, 213, 3, 0, 0, 0, 0, 0, 0, 0, 0, 0, 0, 0, 0, 0, 0, 0, 0, 0, 0, 0, 0, 0, 0, 0]
.\datasets\images\1286805224.jpg	[2, 1, 12, 10, 111, 57, 9, 1, 102, 59, 16, 1, 1383, 154, 3, 0, 0, 0, 0, 0, 0, 0, 0, 0, 0, 0, 0, 0, 0, 0, 0, 0, 0, 0, 0, 0, 0, 0, 0, 0]
.\datasets\images\3741664817.jpg	[2, 141, 14, 13, 112, 56, 4, 282, 80, 831, 250, 15, 282, 6, 1, 88, 3, 0, 0, 0, 0, 0, 0, 0, 0, 0, 0, 0, 0, 0, 0, 0, 0, 0, 0, 0, 0, 0, 0, 0]
.\datasets\images\2480820830.jpg	[2, 13, 62, 14, 79, 60, 4, 5, 53, 3, 0, 0, 0, 0, 0, 0, 0, 0, 0, 0, 0, 0, 0, 0, 0, 0, 0, 0, 0, 0, 0, 0, 0, 0, 0, 0, 0, 0, 0, 0]
.\datasets\images\2549946671.jpg	[2, 1, 20, 4, 1, 34, 23, 10, 29, 1, 335, 16, 35, 816, 3, 0, 0, 0, 0, 0, 0, 0, 0, 0, 0, 0, 0, 0, 0, 0, 0, 0, 0, 0, 0, 0, 0, 0, 0, 0]
.\datasets\images\4674933591.jpg	[2, 1, 49, 38, 19, 1, 280, 698, 31, 126, 36, 5, 50, 3, 0, 0, 0, 0, 0, 0, 0, 0, 0, 0, 0, 0, 0, 0, 0, 0, 0, 0, 0, 0, 0, 0, 0, 0, 0, 0]
.\datasets\images\1389264266.jpg	[2, 13, 112, 19, 1101, 1102, 80, 30, 51, 115, 217, 17, 5, 75, 3, 0, 0, 0, 0, 0, 0, 0, 0, 0, 0, 0, 0, 0, 0, 0, 0, 0, 0, 0, 0, 0, 0, 0, 0, 0]
.\datasets\images\2483993827.jpg	[2, 13, 605, 1463, 17, 534, 3, 0, 0, 0, 0, 0, 0, 0, 0, 0, 0, 0, 0, 0, 0, 0, 0, 0, 0, 0, 0, 0, 0, 0, 0, 0, 0, 0, 0, 0, 0, 0, 0, 0]
.\datasets\images\177351658.jpg	[2, 1, 8, 105, 59, 16, 1428, 3, 0, 0, 0, 0, 0, 0, 0, 0, 0, 0, 0, 0, 0, 0, 0, 0, 0, 0, 0, 0, 0, 0, 0, 0, 0, 0, 0, 0, 0, 0, 0, 0]
.\datasets\images\4621559450.jpg	[2, 1, 8, 11, 824, 825, 7, 336, 9, 493, 826, 3, 0, 0, 0, 0, 0, 0, 0, 0, 0, 0, 0, 0, 0, 0, 0, 0, 0, 0, 0, 0, 0, 0, 0, 0, 0, 0, 0, 0]
.\datasets\images\4648495016.jpg	[2, 1, 285, 64, 48, 398, 399, 400, 3, 0, 0, 0, 0, 0, 0, 0, 0, 0, 0, 0, 0, 0, 0, 0, 0, 0, 0, 0, 0, 0, 0, 0, 0, 0, 0, 0, 0, 0, 0, 0]
.\datasets\images\2350400382.jpg	[2, 1, 26, 44, 1384, 76, 5, 100, 30, 29, 15, 579, 4, 200, 172, 3, 0, 0, 0, 0, 0, 0, 0, 0, 0, 0, 0, 0, 0, 0, 0, 0, 0, 0, 0, 0, 0, 0, 0, 0]
.\datasets\images\1031973097.jpg	[2, 142, 20, 4, 1, 34, 66, 29, 6, 16, 71, 1122, 3, 0, 0, 0, 0, 0, 0, 0, 0, 0, 0, 0, 0, 0, 0, 0, 0, 0, 0, 0, 0, 0, 0, 0, 0, 0, 0, 0]
.\datasets\images\2555521861.jpg	[2, 1, 58, 6, 1, 1133, 10, 1134, 216, 53, 3, 0, 0, 0, 0, 0, 0, 0, 0, 0, 0, 0, 0, 0, 0, 0, 0, 0, 0, 0, 0, 0, 0, 0, 0, 0, 0, 0, 0, 0]
.\datasets\images\4373983146.jpg	[2, 5, 12, 4, 5, 34, 153, 10, 124, 11, 5, 8, 4, 1, 186, 3, 0, 0, 0, 0, 0, 0, 0, 0, 0, 0, 0, 0, 0, 0, 0, 0, 0, 0, 0, 0, 0, 0, 0, 0]
.\datasets\images\4482109273.jpg	[2, 13, 22, 7, 1, 44, 14, 39, 36, 1, 125, 89, 3, 0, 0, 0, 0, 0, 0, 0, 0, 0, 0, 0, 0, 0, 0, 0, 0, 0, 0, 0, 0, 0, 0, 0, 0, 0, 0, 0]
.\datasets\images\1956944011.jpg	[2, 13, 52, 33, 6, 15, 68, 536, 537, 4, 5, 566, 364, 3, 0, 0, 0, 0, 0, 0, 0, 0, 0, 0, 0, 0, 0, 0, 0, 0, 0, 0, 0, 0, 0, 0, 0, 0, 0, 0]
.\datasets\images\4545767663.jpg	[2, 13, 714, 715, 5, 716, 86, 17, 5, 717, 718, 243, 3, 0, 0, 0, 0, 0, 0, 0, 0, 0, 0, 0, 0, 0, 0, 0, 0, 0, 0, 0, 0, 0, 0, 0, 0, 0, 0, 0]
.\datasets\images\209900973.jpg	[2, 1, 8, 10, 6, 1, 555, 994, 33, 555, 3, 0, 0, 0, 0, 0, 0, 0, 0, 0, 0, 0, 0, 0, 0, 0, 0, 0, 0, 0, 0, 0, 0, 0, 0, 0, 0, 0, 0, 0]
.\datasets\images\1142283988.jpg	[2, 13, 18, 14, 383, 7, 51, 10, 19, 1, 84, 384, 385, 72, 3, 0, 0, 0, 0, 0, 0, 0, 0, 0, 0, 0, 0, 0, 0, 0, 0, 0, 0, 0, 0, 0, 0, 0, 0, 0]
.\datasets\images\4453917511.jpg	[2, 15, 343, 43, 4, 1, 211, 39, 36, 5, 50, 3, 0, 0, 0, 0, 0, 0, 0, 0, 0, 0, 0, 0, 0, 0, 0, 0, 0, 0, 0, 0, 0, 0, 0, 0, 0, 0, 0, 0]
.\datasets\images\1424775129.jpg	[2, 1, 49, 20, 164, 272, 609, 608, 4, 5, 367, 3, 0, 0, 0, 0, 0, 0, 0, 0, 0, 0, 0, 0, 0, 0, 0, 0, 0, 0, 0, 0, 0, 0, 0, 0, 0, 0, 0, 0]
.\datasets\images\160210791.jpg	[2, 1, 58, 11, 1, 1087, 9, 580, 1088, 27, 1089, 118, 581, 6, 1, 125, 89, 3, 0, 0, 0, 0, 0, 0, 0, 0, 0, 0, 0, 0, 0, 0, 0, 0, 0, 0, 0, 0, 0, 0]
.\datasets\images\2441818133.jpg	[2, 1, 8, 10, 98, 6, 1, 1196, 9, 1197, 11, 1, 1198, 515, 3, 0, 0, 0, 0, 0, 0, 0, 0, 0, 0, 0, 0, 0, 0, 0, 0, 0, 0, 0, 0, 0, 0, 0, 0, 0]
.\datasets\images\4145119743.jpg	[2, 1, 626, 17, 5, 627, 9, 1, 628, 190, 3, 0, 0, 0, 0, 0, 0, 0, 0, 0, 0, 0, 0, 0, 0, 0, 0, 0, 0, 0, 0, 0, 0, 0, 0, 0, 0, 0, 0, 0]
.\datasets\images\2097403787.jpg	[2, 1, 8, 10, 27, 6, 5, 325, 91, 4, 32, 9, 5, 157, 3, 0, 0, 0, 0, 0, 0, 0, 0, 0, 0, 0, 0, 0, 0, 0, 0, 0, 0, 0, 0, 0, 0, 0, 0, 0]
.\datasets\images\13615892.jpg	[2, 15, 597, 10, 1219, 4, 1, 319, 4, 1, 1220, 3, 0, 0, 0, 0, 0, 0, 0, 0, 0, 0, 0, 0, 0, 0, 0, 0, 0, 0, 0, 0, 0, 0, 0, 0, 0, 0, 0, 0]
.\datasets\images\1616482811.jpg	[2, 8, 798, 16, 322, 131, 3, 0, 0, 0, 0, 0, 0, 0, 0, 0, 0, 0, 0, 0, 0, 0, 0, 0, 0, 0, 0, 0, 0, 0, 0, 0, 0, 0, 0, 0, 0, 0, 0, 0]
.\datasets\images\3936422227.jpg	[2, 94, 8, 1230, 45, 604, 606, 3, 0, 0, 0, 0, 0, 0, 0, 0, 0, 0, 0, 0, 0, 0, 0, 0, 0, 0, 0, 0, 0, 0, 0, 0, 0, 0, 0, 0, 0, 0, 0, 0]
.\datasets\images\1375501091.jpg	[2, 1, 21, 20, 10, 1432, 1, 531, 532, 1433, 353, 1, 227, 3, 0, 0, 0, 0, 0, 0, 0, 0, 0, 0, 0, 0, 0, 0, 0, 0, 0, 0, 0, 0, 0, 0, 0, 0, 0, 0]
.\datasets\images\2547137089.jpg	[2, 1, 12, 4, 1, 397, 653, 7, 1, 8, 19, 1, 654, 283, 30, 1, 70, 9, 18, 115, 6, 3, 0, 0, 0, 0, 0, 0, 0, 0, 0, 0, 0, 0, 0, 0, 0, 0, 0, 0]
.\datasets\images\2386358817.jpg	[2, 51, 8, 4, 35, 1439, 29, 1, 529, 30, 19, 1440, 80, 3, 0, 0, 0, 0, 0, 0, 0, 0, 0, 0, 0, 0, 0, 0, 0, 0, 0, 0, 0, 0, 0, 0, 0, 0, 0, 0]
.\datasets\images\4535747403.jpg	[2, 1, 12, 6, 1, 119, 50, 115, 217, 3, 0, 0, 0, 0, 0, 0, 0, 0, 0, 0, 0, 0, 0, 0, 0, 0, 0, 0, 0, 0, 0, 0, 0, 0, 0, 0, 0, 0, 0, 0]
.\datasets\images\164428441.jpg	[2, 1, 8, 10, 996, 1, 104, 42, 209, 6, 1, 86, 3, 0, 0, 0, 0, 0, 0, 0, 0, 0, 0, 0, 0, 0, 0, 0, 0, 0, 0, 0, 0, 0, 0, 0, 0, 0, 0, 0]
.\datasets\images\2159526836.jpg	[2, 1, 58, 4, 1, 384, 173, 10, 970, 1, 8, 6, 5, 252, 30, 362, 248, 40, 15, 167, 24, 971, 3, 0, 0, 0, 0, 0, 0, 0, 0, 0, 0, 0, 0, 0, 0, 0, 0, 0]
.\datasets\images\183656175.jpg	[2, 1, 12, 28, 1477, 1, 347, 268, 41, 158, 3, 0, 0, 0, 0, 0, 0, 0, 0, 0, 0, 0, 0, 0, 0, 0, 0, 0, 0, 0, 0, 0, 0, 0, 0, 0, 0, 0, 0, 0]
.\datasets\images\4436531973.jpg	[2, 1, 553, 224, 554, 64, 9, 1, 63, 3, 0, 0, 0, 0, 0, 0, 0, 0, 0, 0, 0, 0, 0, 0, 0, 0, 0, 0, 0, 0, 0, 0, 0, 0, 0, 0, 0, 0, 0, 0]
.\datasets\images\1384302953.jpg	[2, 1, 8, 10, 28, 6, 1, 103, 11, 1, 83, 520, 61, 5, 217, 59, 16, 1, 910, 11, 911, 310, 4, 32, 9, 135, 3, 0, 0, 0, 0, 0, 0, 0, 0, 0, 0, 0, 0, 0]
.\datasets\images\1374577120.jpg	[2, 1441, 417, 14, 305, 1, 197, 185, 3, 0, 0, 0, 0, 0, 0, 0, 0, 0, 0, 0, 0, 0, 0, 0, 0, 0, 0, 0, 0, 0, 0, 0, 0, 0, 0, 0, 0, 0, 0, 0]
.\datasets\images\1568723169.jpg	[2, 1, 104, 20, 10, 174, 264, 30, 27, 4, 274, 3, 0, 0, 0, 0, 0, 0, 0, 0, 0, 0, 0, 0, 0, 0, 0, 0, 0, 0, 0, 0, 0, 0, 0, 0, 0, 0, 0, 0]
.\datasets\images\22926817.jpg	[2, 1, 8, 7, 1, 12, 4, 1, 25, 153, 14, 33, 191, 3, 0, 0, 0, 0, 0, 0, 0, 0, 0, 0, 0, 0, 0, 0, 0, 0, 0, 0, 0, 0, 0, 0, 0, 0, 0, 0]
.\datasets\images\1682079482.jpg	[2, 1, 49, 38, 727, 48, 728, 77, 244, 440, 6, 5, 441, 3, 0, 0, 0, 0, 0, 0, 0, 0, 0, 0, 0, 0, 0, 0, 0, 0, 0, 0, 0, 0, 0, 0, 0, 0, 0, 0]
.\datasets\images\4687354574.jpg	[2, 13, 43, 6, 1, 132, 124, 4, 1493, 556, 1494, 3, 0, 0, 0, 0, 0, 0, 0, 0, 0, 0, 0, 0, 0, 0, 0, 0, 0, 0, 0, 0, 0, 0, 0, 0, 0, 0, 0, 0]
.\datasets\images\22822422.jpg	[2, 13, 22, 51, 4, 1312, 1313, 351, 375, 4, 32, 9, 1, 150, 9, 1314, 3, 0, 0, 0, 0, 0, 0, 0, 0, 0, 0, 0, 0, 0, 0, 0, 0, 0, 0, 0, 0, 0, 0, 0]
.\datasets\images\135613639.jpg	[2, 13, 159, 1, 38, 7, 1, 20, 33, 99, 3, 0, 0, 0, 0, 0, 0, 0, 0, 0, 0, 0, 0, 0, 0, 0, 0, 0, 0, 0, 0, 0, 0, 0, 0, 0, 0, 0, 0, 0]
.\datasets\images\3722449720.jpg	[2, 22, 14, 27, 60, 55, 17, 1, 34, 7, 24, 149, 143, 3, 0, 0, 0, 0, 0, 0, 0, 0, 0, 0, 0, 0, 0, 0, 0, 0, 0, 0, 0, 0, 0, 0, 0, 0, 0, 0]
.\datasets\images\153963868.jpg	[2, 1, 8, 19, 15, 68, 1478, 195, 7, 1, 219, 66, 10, 1479, 94, 1480, 3, 0, 0, 0, 0, 0, 0, 0, 0, 0, 0, 0, 0, 0, 0, 0, 0, 0, 0, 0, 0, 0, 0, 0]
.\datasets\images\2279894890.jpg	[2, 1, 37, 9, 22, 14, 4, 1, 494, 337, 3, 0, 0, 0, 0, 0, 0, 0, 0, 0, 0, 0, 0, 0, 0, 0, 0, 0, 0, 0, 0, 0, 0, 0, 0, 0, 0, 0, 0, 0]
.\datasets\images\2569653795.jpg	[2, 1, 8, 4, 1, 68, 195, 10, 301, 6, 5, 136, 3, 0, 0, 0, 0, 0, 0, 0, 0, 0, 0, 0, 0, 0, 0, 0, 0, 0, 0, 0, 0, 0, 0, 0, 0, 0, 0, 0]
.\datasets\images\1400421768.jpg	[2, 1, 8, 56, 4, 26, 19, 931, 932, 440, 1, 529, 3, 0, 0, 0, 0, 0, 0, 0, 0, 0, 0, 0, 0, 0, 0, 0, 0, 0, 0, 0, 0, 0, 0, 0, 0, 0, 0, 0]
.\datasets\images\2387900324.jpg	[2, 1, 129, 233, 8, 19, 1, 130, 129, 186, 7, 25, 225, 362, 1117, 35, 344, 4, 32, 9, 35, 371, 3, 0, 0, 0, 0, 0, 0, 0, 0, 0, 0, 0, 0, 0, 0, 0, 0, 0]
.\datasets\images\2022443431.jpg	[2, 1, 58, 10, 1185, 1186, 11, 1, 25, 497, 82, 135, 3, 0, 0, 0, 0, 0, 0, 0, 0, 0, 0, 0, 0, 0, 0, 0, 0, 0, 0, 0, 0, 0, 0, 0, 0, 0, 0, 0]
.\datasets\images\4589342421.jpg	[2, 8, 4, 1, 1255, 83, 55, 57, 1, 45, 102, 3, 0, 0, 0, 0, 0, 0, 0, 0, 0, 0, 0, 0, 0, 0, 0, 0, 0, 0, 0, 0, 0, 0, 0, 0, 0, 0, 0, 0]
.\datasets\images\2152688935.jpg	[2, 1, 8, 10, 876, 877, 6, 1, 313, 171, 3, 0, 0, 0, 0, 0, 0, 0, 0, 0, 0, 0, 0, 0, 0, 0, 0, 0, 0, 0, 0, 0, 0, 0, 0, 0, 0, 0, 0, 0]
.\datasets\images\1151321278.jpg	[2, 1, 20, 27, 17, 5, 88, 29, 1, 25, 510, 7, 1, 41, 871, 3, 0, 0, 0, 0, 0, 0, 0, 0, 0, 0, 0, 0, 0, 0, 0, 0, 0, 0, 0, 0, 0, 0, 0, 0]
.\datasets\images\151011164.jpg	[2, 18, 234, 1, 8, 766, 3, 0, 0, 0, 0, 0, 0, 0, 0, 0, 0, 0, 0, 0, 0, 0, 0, 0, 0, 0, 0, 0, 0, 0, 0, 0, 0, 0, 0, 0, 0, 0, 0, 0]
.\datasets\images\255073988.jpg	[2, 1, 21, 12, 7, 8, 14, 1292, 87, 21, 8, 4, 5, 274, 3, 0, 0, 0, 0, 0, 0, 0, 0, 0, 0, 0, 0, 0, 0, 0, 0, 0, 0, 0, 0, 0, 0, 0, 0, 0]
.\datasets\images\2335931883.jpg	[2, 1, 8, 242, 1, 25, 1364, 161, 4, 32, 9, 1, 187, 3, 0, 0, 0, 0, 0, 0, 0, 0, 0, 0, 0, 0, 0, 0, 0, 0, 0, 0, 0, 0, 0, 0, 0, 0, 0, 0]
.\datasets\images\140738818.jpg	[2, 156, 20, 832, 30, 137, 833, 16, 209, 46, 6, 35, 495, 834, 40, 1, 252, 4, 1, 835, 180, 265, 11, 496, 3, 0, 0, 0, 0, 0, 0, 0, 0, 0, 0, 0, 0, 0, 0, 0]
.\datasets\images\4683957629.jpg	[2, 15, 121, 73, 8, 19, 226, 24, 23, 7, 197, 302, 10, 113, 1, 227, 305, 1, 63, 3, 0, 0, 0, 0, 0, 0, 0, 0, 0, 0, 0, 0, 0, 0, 0, 0, 0, 0, 0, 0]
.\datasets\images\1075716537.jpg	[2, 1, 42, 11, 1, 280, 6, 35, 162, 392, 1, 126, 3, 0, 0, 0, 0, 0, 0, 0, 0, 0, 0, 0, 0, 0, 0, 0, 0, 0, 0, 0, 0, 0, 0, 0, 0, 0, 0, 0]
.\datasets\images\136645716.jpg	[2, 1, 8, 10, 29, 35, 88, 429, 77, 137, 415, 48, 5, 75, 3, 0, 0, 0, 0, 0, 0, 0, 0, 0, 0, 0, 0, 0, 0, 0, 0, 0, 0, 0, 0, 0, 0, 0, 0, 0]
.\datasets\images\194408176.jpg	[2, 1, 8, 4, 34, 318, 7, 24, 66, 67, 6, 1, 319, 6, 5, 91, 155, 40, 757, 9, 1, 92, 758, 177, 759, 165, 137, 10, 760, 224, 3, 0, 0, 0, 0, 0, 0, 0, 0, 0]
.\datasets\images\215978818.jpg	[2, 159, 101, 4, 53, 509, 46, 4, 1180, 57, 9, 1, 595, 220, 11, 15, 525, 9, 1, 45, 1181, 6, 147, 3, 0, 0, 0, 0, 0, 0, 0, 0, 0, 0, 0, 0, 0, 0, 0, 0]
.\datasets\images\2392460773.jpg	[2, 1, 273, 160, 1, 214, 286, 4, 32, 9, 5, 53, 3, 0, 0, 0, 0, 0, 0, 0, 0, 0, 0, 0, 0, 0, 0, 0, 0, 0, 0, 0, 0, 0, 0, 0, 0, 0, 0, 0]
.\datasets\images\2203398833.jpg	[2, 1, 58, 19, 1, 1065, 66, 105, 6, 1, 368, 540, 29, 1, 1066, 7, 1067, 1068, 5, 91, 3, 0, 0, 0, 0, 0, 0, 0, 0, 0, 0, 0, 0, 0, 0, 0, 0, 0, 0, 0]
.\datasets\images\3728015645.jpg	[2, 1, 8, 6, 1090, 1091, 4, 1092, 3, 0, 0, 0, 0, 0, 0, 0, 0, 0, 0, 0, 0, 0, 0, 0, 0, 0, 0, 0, 0, 0, 0, 0, 0, 0, 0, 0, 0, 0, 0, 0]
.\datasets\images\2367387854.jpg	[2, 1, 12, 4, 1, 26, 23, 128, 1, 187, 30, 28, 4, 1, 26, 1411, 103, 3, 0, 0, 0, 0, 0, 0, 0, 0, 0, 0, 0, 0, 0, 0, 0, 0, 0, 0, 0, 0, 0, 0]
.\datasets\images\3838186953.jpg	[2, 108, 18, 6, 512, 298, 36, 5, 232, 9, 1, 609, 229, 3, 0, 0, 0, 0, 0, 0, 0, 0, 0, 0, 0, 0, 0, 0, 0, 0, 0, 0, 0, 0, 0, 0, 0, 0, 0, 0]
.\datasets\images\2328321679.jpg	[2, 1, 12, 11, 1, 25, 66, 10, 174, 743, 4, 15, 148, 248, 4, 228, 3, 0, 0, 0, 0, 0, 0, 0, 0, 0, 0, 0, 0, 0, 0, 0, 0, 0, 0, 0, 0, 0, 0, 0]
.\datasets\images\14799369.jpg	[2, 8, 11, 380, 7, 196, 1330, 1331, 1332, 6, 1, 1333, 306, 3, 0, 0, 0, 0, 0, 0, 0, 0, 0, 0, 0, 0, 0, 0, 0, 0, 0, 0, 0, 0, 0, 0, 0, 0, 0, 0]
.\datasets\images\4511339699.jpg	[2, 1, 12, 4, 1, 24, 211, 10, 27, 59, 16, 1, 1325, 1326, 3, 0, 0, 0, 0, 0, 0, 0, 0, 0, 0, 0, 0, 0, 0, 0, 0, 0, 0, 0, 0, 0, 0, 0, 0, 0]
.\datasets\images\3882399405.jpg	[2, 15, 343, 12, 29, 1, 104, 42, 77, 176, 249, 1274, 1275, 3, 0, 0, 0, 0, 0, 0, 0, 0, 0, 0, 0, 0, 0, 0, 0, 0, 0, 0, 0, 0, 0, 0, 0, 0, 0, 0]
.\datasets\images\3797123205.jpg	[2, 1, 8, 1098, 40, 1, 1099, 59, 16, 554, 48, 1100, 3, 0, 0, 0, 0, 0, 0, 0, 0, 0, 0, 0, 0, 0, 0, 0, 0, 0, 0, 0, 0, 0, 0, 0, 0, 0, 0, 0]
.\datasets\images\4645546686.jpg	[2, 13, 43, 51, 19, 1, 25, 7, 24, 193, 23, 7, 5, 74, 29, 1, 92, 211, 14, 27, 4, 1, 78, 11, 13, 62, 3, 0, 0, 0, 0, 0, 0, 0, 0, 0, 0, 0, 0, 0]
.\datasets\images\2522540026.jpg	[2, 25, 7, 424, 143, 350, 60, 879, 246, 880, 40, 18, 27, 4, 93, 3, 0, 0, 0, 0, 0, 0, 0, 0, 0, 0, 0, 0, 0, 0, 0, 0, 0, 0, 0, 0, 0, 0, 0, 0]
.\datasets\images\4444147335.jpg	[2, 1, 8, 4, 1, 26, 173, 7, 24, 144, 67, 6, 1, 158, 7, 261, 6, 1, 199, 3, 0, 0, 0, 0, 0, 0, 0, 0, 0, 0, 0, 0, 0, 0, 0, 0, 0, 0, 0, 0]
.\datasets\images\4265333893.jpg	[2, 1, 12, 4, 1, 34, 211, 66, 7, 318, 67, 6, 5, 136, 155, 40, 276, 9, 332, 486, 71, 4, 276, 7, 71, 4, 25, 34, 263, 26, 333, 812, 3, 0, 0, 0, 0, 0, 0, 0]
.\datasets\images\1374577120.jpg	[2, 118, 417, 39, 60, 64, 1, 197, 418, 3, 0, 0, 0, 0, 0, 0, 0, 0, 0, 0, 0, 0, 0, 0, 0, 0, 0, 0, 0, 0, 0, 0, 0, 0, 0, 0, 0, 0, 0, 0]
.\datasets\images\4638560669.jpg	[2, 13, 52, 11, 1221, 576, 51, 11, 1, 39, 182, 27, 6, 5, 50, 3, 0, 0, 0, 0, 0, 0, 0, 0, 0, 0, 0, 0, 0, 0, 0, 0, 0, 0, 0, 0, 0, 0, 0, 0]
.\datasets\images\2382117842.jpg	[2, 1, 12, 19, 1, 378, 72, 7, 561, 467, 5, 468, 6, 72, 9, 1, 86, 3, 0, 0, 0, 0, 0, 0, 0, 0, 0, 0, 0, 0, 0, 0, 0, 0, 0, 0, 0, 0, 0, 0]
.\datasets\images\4642869349.jpg	[2, 349, 1259, 1260, 57, 4, 41, 7, 24, 349, 283, 1261, 259, 60, 6, 1, 595, 1262, 11, 1263, 7, 1264, 215, 4, 5, 116, 3, 0, 0, 0, 0, 0, 0, 0, 0, 0, 0, 0, 0, 0]
.\datasets\images\4464415997.jpg	[2, 1, 570, 1052, 4, 1, 119, 1053, 3, 0, 0, 0, 0, 0, 0, 0, 0, 0, 0, 0, 0, 0, 0, 0, 0, 0, 0, 0, 0, 0, 0, 0, 0, 0, 0, 0, 0, 0, 0, 0]
.\datasets\images\1142916102.jpg	[2, 1, 21, 38, 4, 1, 949, 7, 389, 55, 17, 31, 950, 4, 1, 951, 3, 0, 0, 0, 0, 0, 0, 0, 0, 0, 0, 0, 0, 0, 0, 0, 0, 0, 0, 0, 0, 0, 0, 0]
.\datasets\images\2587696611.jpg	[2, 1, 21, 38, 11, 1, 24, 153, 164, 36, 1, 125, 89, 11, 215, 7, 1430, 6, 249, 1431, 9, 5, 89, 3, 0, 0, 0, 0, 0, 0, 0, 0, 0, 0, 0, 0, 0, 0, 0, 0]
.\datasets\images\1313869424.jpg	[2, 1, 376, 8, 4, 611, 146, 1265, 167, 5, 374, 3, 0, 0, 0, 0, 0, 0, 0, 0, 0, 0, 0, 0, 0, 0, 0, 0, 0, 0, 0, 0, 0, 0, 0, 0, 0, 0, 0, 0]
.\datasets\images\131840964.jpg	[2, 1, 20, 56, 4, 370, 26, 67, 6, 35, 126, 3, 0, 0, 0, 0, 0, 0, 0, 0, 0, 0, 0, 0, 0, 0, 0, 0, 0, 0, 0, 0, 0, 0, 0, 0, 0, 0, 0, 0]
.\datasets\images\2265106886.jpg	[2, 1, 12, 67, 17, 5, 432, 224, 31, 307, 3, 0, 0, 0, 0, 0, 0, 0, 0, 0, 0, 0, 0, 0, 0, 0, 0, 0, 0, 0, 0, 0, 0, 0, 0, 0, 0, 0, 0, 0]
.\datasets\images\2507687411.jpg	[2, 37, 9, 18, 189, 17, 5, 622, 623, 3, 0, 0, 0, 0, 0, 0, 0, 0, 0, 0, 0, 0, 0, 0, 0, 0, 0, 0, 0, 0, 0, 0, 0, 0, 0, 0, 0, 0, 0, 0]
.\datasets\images\2294516804.jpg	[2, 1, 267, 156, 1079, 1, 214, 286, 48, 5, 75, 3, 0, 0, 0, 0, 0, 0, 0, 0, 0, 0, 0, 0, 0, 0, 0, 0, 0, 0, 0, 0, 0, 0, 0, 0, 0, 0, 0, 0]
.\datasets\images\374437808.jpg	[2, 1, 12, 4, 1, 26, 23, 7, 1, 208, 9, 87, 12, 521, 16, 31, 3, 0, 0, 0, 0, 0, 0, 0, 0, 0, 0, 0, 0, 0, 0, 0, 0, 0, 0, 0, 0, 0, 0, 0]
.\datasets\images\4127286981.jpg	[2, 1, 8, 7, 12, 14, 27, 99, 77, 244, 1460, 1, 380, 3, 0, 0, 0, 0, 0, 0, 0, 0, 0, 0, 0, 0, 0, 0, 0, 0, 0, 0, 0, 0, 0, 0, 0, 0, 0, 0]
.\datasets\images\233066798.jpg	[2, 1, 37, 9, 96, 331, 46, 48, 141, 810, 3, 0, 0, 0, 0, 0, 0, 0, 0, 0, 0, 0, 0, 0, 0, 0, 0, 0, 0, 0, 0, 0, 0, 0, 0, 0, 0, 0, 0, 0]
.\datasets\images\444057017.jpg	[2, 1, 49, 38, 28, 6, 1, 278, 355, 3, 0, 0, 0, 0, 0, 0, 0, 0, 0, 0, 0, 0, 0, 0, 0, 0, 0, 0, 0, 0, 0, 0, 0, 0, 0, 0, 0, 0, 0, 0]
.\datasets\images\3746623148.jpg	[2, 159, 14, 33, 4, 5, 526, 3, 0, 0, 0, 0, 0, 0, 0, 0, 0, 0, 0, 0, 0, 0, 0, 0, 0, 0, 0, 0, 0, 0, 0, 0, 0, 0, 0, 0, 0, 0, 0, 0]
.\datasets\images\4523593403.jpg	[2, 1, 12, 19, 144, 183, 31, 126, 216, 5, 50, 3, 0, 0, 0, 0, 0, 0, 0, 0, 0, 0, 0, 0, 0, 0, 0, 0, 0, 0, 0, 0, 0, 0, 0, 0, 0, 0, 0, 0]
.\datasets\images\430964917.jpg	[2, 1, 8, 19, 558, 9, 502, 183, 1, 126, 76, 5, 386, 3, 0, 0, 0, 0, 0, 0, 0, 0, 0, 0, 0, 0, 0, 0, 0, 0, 0, 0, 0, 0, 0, 0, 0, 0, 0, 0]
.\datasets\images\2190227737.jpg	[2, 54, 129, 62, 394, 17, 1, 12, 3, 0, 0, 0, 0, 0, 0, 0, 0, 0, 0, 0, 0, 0, 0, 0, 0, 0, 0, 0, 0, 0, 0, 0, 0, 0, 0, 0, 0, 0, 0, 0]
.\datasets\images\15688495.jpg	[2, 1, 156, 527, 594, 1170, 48, 5, 1171, 1172, 141, 594, 1, 1173, 372, 4, 84, 7, 24, 7, 1174, 7, 1175, 48, 1176, 3, 0, 0, 0, 0, 0, 0, 0, 0, 0, 0, 0, 0, 0, 0]
.\datasets\images\4644353803.jpg	[2, 1, 599, 10, 27, 11, 1, 34, 565, 3, 0, 0, 0, 0, 0, 0, 0, 0, 0, 0, 0, 0, 0, 0, 0, 0, 0, 0, 0, 0, 0, 0, 0, 0, 0, 0, 0, 0, 0, 0]
.\datasets\images\381750411.jpg	[2, 21, 8, 4, 1, 289, 166, 120, 106, 1345, 132, 7, 10, 250, 35, 1346, 3, 0, 0, 0, 0, 0, 0, 0, 0, 0, 0, 0, 0, 0, 0, 0, 0, 0, 0, 0, 0, 0, 0, 0]
.\datasets\images\2429212017.jpg	[2, 5, 52, 4, 5, 457, 14, 4, 1, 1334, 1335, 7, 14, 1336, 177, 1, 1337, 263, 493, 3, 0, 0, 0, 0, 0, 0, 0, 0, 0, 0, 0, 0, 0, 0, 0, 0, 0, 0, 0, 0]
.\datasets\images\4371749436.jpg	[2, 1, 37, 9, 18, 4, 502, 853, 26, 291, 7, 24, 854, 181, 14, 33, 503, 3, 0, 0, 0, 0, 0, 0, 0, 0, 0, 0, 0, 0, 0, 0, 0, 0, 0, 0, 0, 0, 0, 0]
.\datasets\images\239279280.jpg	[2, 1, 134, 12, 4, 1, 84, 1416, 210, 11, 69, 1417, 1418, 3, 0, 0, 0, 0, 0, 0, 0, 0, 0, 0, 0, 0, 0, 0, 0, 0, 0, 0, 0, 0, 0, 0, 0, 0, 0, 0]
.\datasets\images\1088767354.jpg	[2, 5, 38, 4, 5, 1128, 1129, 1130, 10, 27, 59, 16, 13, 21, 18, 51, 10, 19, 1, 26, 270, 7, 5, 74, 10, 357, 1131, 3, 0, 0, 0, 0, 0, 0, 0, 0, 0, 0, 0, 0]
.\datasets\images\1873155511.jpg	[2, 1, 8, 11, 1, 21, 42, 33, 11, 5, 8, 17, 1, 494, 337, 3, 0, 0, 0, 0, 0, 0, 0, 0, 0, 0, 0, 0, 0, 0, 0, 0, 0, 0, 0, 0, 0, 0, 0, 0]
.\datasets\images\1478414349.jpg	[2, 1, 119, 50, 9, 1094, 469, 254, 11, 1095, 6, 5, 91, 220, 1096, 206, 102, 1097, 6, 470, 3, 0, 0, 0, 0, 0, 0, 0, 0, 0, 0, 0, 0, 0, 0, 0, 0, 0, 0, 0]
.\datasets\images\1490213660.jpg	[2, 5, 92, 44, 10, 39, 76, 1, 588, 155, 40, 589, 3, 0, 0, 0, 0, 0, 0, 0, 0, 0, 0, 0, 0, 0, 0, 0, 0, 0, 0, 0, 0, 0, 0, 0, 0, 0, 0, 0]
.\datasets\images\4042758072.jpg	[2, 15, 121, 8, 10, 160, 214, 499, 17, 1, 20, 56, 4, 339, 3, 0, 0, 0, 0, 0, 0, 0, 0, 0, 0, 0, 0, 0, 0, 0, 0, 0, 0, 0, 0, 0, 0, 0, 0, 0]
.\datasets\images\24321040.jpg	[2, 308, 10, 1, 42, 28, 6, 1, 1412, 1413, 1414, 3, 0, 0, 0, 0, 0, 0, 0, 0, 0, 0, 0, 0, 0, 0, 0, 0, 0, 0, 0, 0, 0, 0, 0, 0, 0, 0, 0, 0]
.\datasets\images\4495952951.jpg	[2, 1, 8, 4, 1, 26, 66, 7, 25, 23, 1491, 3, 0, 0, 0, 0, 0, 0, 0, 0, 0, 0, 0, 0, 0, 0, 0, 0, 0, 0, 0, 0, 0, 0, 0, 0, 0, 0, 0, 0]
.\datasets\images\4678734913.jpg	[2, 15, 73, 12, 10, 29, 1, 45, 25, 7, 24, 1296, 30, 55, 17, 87, 12, 7, 1, 34, 454, 1297, 40, 31, 3, 0, 0, 0, 0, 0, 0, 0, 0, 0, 0, 0, 0, 0, 0, 0]
.\datasets\images\2152688935.jpg	[2, 1, 1498, 4, 1, 25, 83, 1499, 46, 1, 1500, 292, 6, 1, 90, 248, 157, 3, 0, 0, 0, 0, 0, 0, 0, 0, 0, 0, 0, 0, 0, 0, 0, 0, 0, 0, 0, 0, 0, 0]
.\datasets\images\2424556844.jpg	[2, 13, 43, 14, 799, 11, 446, 4, 47, 81, 3, 0, 0, 0, 0, 0, 0, 0, 0, 0, 0, 0, 0, 0, 0, 0, 0, 0, 0, 0, 0, 0, 0, 0, 0, 0, 0, 0, 0, 0]
.\datasets\images\461784003.jpg	[2, 1, 8, 120, 10, 19, 1, 41, 23, 7, 92, 145, 615, 16, 258, 347, 1373, 138, 4, 5, 100, 11, 35, 81, 614, 3, 0, 0, 0, 0, 0, 0, 0, 0, 0, 0, 0, 0, 0, 0]
.\datasets\images\3854366835.jpg	[2, 1, 8, 4, 1, 541, 10, 27, 6, 5, 88, 11, 1, 75, 4, 35, 81, 3, 0, 0, 0, 0, 0, 0, 0, 0, 0, 0, 0, 0, 0, 0, 0, 0, 0, 0, 0, 0, 0, 0]
.\datasets\images\4654943859.jpg	[2, 18, 14, 4, 222, 16, 1141, 1142, 17, 1, 243, 4, 1143, 3, 0, 0, 0, 0, 0, 0, 0, 0, 0, 0, 0, 0, 0, 0, 0, 0, 0, 0, 0, 0, 0, 0, 0, 0, 0, 0]
.\datasets\images\1348113612.jpg	[2, 1, 26, 7, 24, 44, 138, 107, 1, 316, 11, 1, 612, 9, 191, 436, 4, 147, 3, 0, 0, 0, 0, 0, 0, 0, 0, 0, 0, 0, 0, 0, 0, 0, 0, 0, 0, 0, 0, 0]
.\datasets\images\390892763.jpg	[2, 1, 8, 4, 1, 41, 1215, 36, 23, 1216, 107, 1, 187, 3, 0, 0, 0, 0, 0, 0, 0, 0, 0, 0, 0, 0, 0, 0, 0, 0, 0, 0, 0, 0, 0, 0, 0, 0, 0, 0]
.\datasets\images\2255631358.jpg	[2, 1, 12, 1419, 1, 607, 38, 6, 31, 1420, 237, 566, 3, 0, 0, 0, 0, 0, 0, 0, 0, 0, 0, 0, 0, 0, 0, 0, 0, 0, 0, 0, 0, 0, 0, 0, 0, 0, 0, 0]
.\datasets\images\3827317206.jpg	[2, 1, 12, 19, 1, 66, 11, 160, 1382, 3, 0, 0, 0, 0, 0, 0, 0, 0, 0, 0, 0, 0, 0, 0, 0, 0, 0, 0, 0, 0, 0, 0, 0, 0, 0, 0, 0, 0, 0, 0]
.\datasets\images\4462840824.jpg	[2, 15, 121, 175, 360, 1, 952, 3, 0, 0, 0, 0, 0, 0, 0, 0, 0, 0, 0, 0, 0, 0, 0, 0, 0, 0, 0, 0, 0, 0, 0, 0, 0, 0, 0, 0, 0, 0, 0, 0]
.\datasets\images\38130652.jpg	[2, 1, 94, 297, 19, 1, 463, 10, 924, 46, 1, 184, 925, 3, 0, 0, 0, 0, 0, 0, 0, 0, 0, 0, 0, 0, 0, 0, 0, 0, 0, 0, 0, 0, 0, 0, 0, 0, 0, 0]
.\datasets\images\1145730606.jpg	[2, 256, 10, 29, 1, 21, 43, 6, 47, 257, 48, 31, 16, 258, 791, 16, 792, 5, 148, 244, 793, 177, 16, 794, 1, 795, 228, 16, 796, 167, 797, 472, 3, 0, 0, 0, 0, 0, 0, 0]
.\datasets\images\1873681277.jpg	[2, 1, 8, 11, 1, 69, 195, 7, 25, 145, 10, 39, 76, 5, 670, 93, 3, 0, 0, 0, 0, 0, 0, 0, 0, 0, 0, 0, 0, 0, 0, 0, 0, 0, 0, 0, 0, 0, 0, 0]
.\datasets\images\2148695079.jpg	[2, 13, 24, 62, 152, 4, 1, 314, 450, 3, 0, 0, 0, 0, 0, 0, 0, 0, 0, 0, 0, 0, 0, 0, 0, 0, 0, 0, 0, 0, 0, 0, 0, 0, 0, 0, 0, 0, 0, 0]
.\datasets\images\1000092795.jpg	[2, 13, 21, 24, 1209, 14, 64, 65, 168, 589, 3, 0, 0, 0, 0, 0, 0, 0, 0, 0, 0, 0, 0, 0, 0, 0, 0, 0, 0, 0, 0, 0, 0, 0, 0, 0, 0, 0, 0, 0]
.\datasets\images\4401136784.jpg	[2, 1006, 64, 11, 558, 9, 1007, 7, 528, 3, 0, 0, 0, 0, 0, 0, 0, 0, 0, 0, 0, 0, 0, 0, 0, 0, 0, 0, 0, 0, 0, 0, 0, 0, 0, 0, 0, 0, 0, 0]
.\datasets\images\157912479.jpg	[2, 1, 8, 4, 1, 25, 293, 23, 294, 1, 685, 3, 0, 0, 0, 0, 0, 0, 0, 0, 0, 0, 0, 0, 0, 0, 0, 0, 0, 0, 0, 0, 0, 0, 0, 0, 0, 0, 0, 0]
.\datasets\images\2323220432.jpg	[2, 94, 297, 1105, 1, 518, 551, 11, 1106, 3, 0, 0, 0, 0, 0, 0, 0, 0, 0, 0, 0, 0, 0, 0, 0, 0, 0, 0, 0, 0, 0, 0, 0, 0, 0, 0, 0, 0, 0, 0]
.\datasets\images\4021497368.jpg	[2, 30, 5, 577, 6, 5, 32, 578, 9, 5, 202, 433, 1080, 1, 1081, 56, 4, 1, 24, 7, 69, 1082, 1083, 5, 202, 3, 0, 0, 0, 0, 0, 0, 0, 0, 0, 0, 0, 0, 0, 0]
.\datasets\images\393284934.jpg	[2, 5, 44, 10, 19, 1, 34, 197, 302, 7, 106, 200, 172, 303, 304, 3, 0, 0, 0, 0, 0, 0, 0, 0, 0, 0, 0, 0, 0, 0, 0, 0, 0, 0, 0, 0, 0, 0, 0, 0]
.\datasets\images\398241464.jpg	[2, 1, 58, 4, 15, 373, 7, 66, 10, 29, 15, 45, 182, 61, 1, 354, 3, 0, 0, 0, 0, 0, 0, 0, 0, 0, 0, 0, 0, 0, 0, 0, 0, 0, 0, 0, 0, 0, 0, 0]
.\datasets\images\3904607307.jpg	[2, 22, 19, 881, 189, 16, 351, 3, 0, 0, 0, 0, 0, 0, 0, 0, 0, 0, 0, 0, 0, 0, 0, 0, 0, 0, 0, 0, 0, 0, 0, 0, 0, 0, 0, 0, 0, 0, 0, 0]
.\datasets\images\2250479700.jpg	[2, 1, 12, 7, 8, 28, 36, 33, 11, 68, 7, 25, 1257, 3, 0, 0, 0, 0, 0, 0, 0, 0, 0, 0, 0, 0, 0, 0, 0, 0, 0, 0, 0, 0, 0, 0, 0, 0, 0, 0]
.\datasets\images\4545104306.jpg	[2, 13, 43, 4, 1162, 1163, 226, 152, 36, 1, 50, 30, 51, 9, 97, 582, 1, 84, 333, 570, 227, 3, 0, 0, 0, 0, 0, 0, 0, 0, 0, 0, 0, 0, 0, 0, 0, 0, 0, 0]
.\datasets\images\2215136723.jpg	[2, 1, 142, 4, 1, 34, 83, 10, 1476, 6, 72, 9, 90, 3, 0, 0, 0, 0, 0, 0, 0, 0, 0, 0, 0, 0, 0, 0, 0, 0, 0, 0, 0, 0, 0, 0, 0, 0, 0, 0]
.\datasets\images\3729525173.jpg	[2, 1, 12, 67, 7, 1315, 6, 5, 32, 1316, 9, 31, 63, 3, 0, 0, 0, 0, 0, 0, 0, 0, 0, 0, 0, 0, 0, 0, 0, 0, 0, 0, 0, 0, 0, 0, 0, 0, 0, 0]
.\datasets\images\2097407245.jpg	[2, 1, 8, 10, 27, 6, 125, 11, 35, 81, 4, 5, 100, 11, 1285, 7, 90, 82, 135, 3, 0, 0, 0, 0, 0, 0, 0, 0, 0, 0, 0, 0, 0, 0, 0, 0, 0, 0, 0, 0]
.\datasets\images\2417701468.jpg	[2, 8, 33, 1, 1119, 28, 6, 1, 132, 4, 15, 573, 1120, 3, 0, 0, 0, 0, 0, 0, 0, 0, 0, 0, 0, 0, 0, 0, 0, 0, 0, 0, 0, 0, 0, 0, 0, 0, 0, 0]
.\datasets\images\1144865997.jpg	[2, 1, 37, 9, 18, 27, 6, 5, 909, 4, 32, 9, 1, 63, 3, 0, 0, 0, 0, 0, 0, 0, 0, 0, 0, 0, 0, 0, 0, 0, 0, 0, 0, 0, 0, 0, 0, 0, 0, 0]
.\datasets\images\418207489.jpg	[2, 1, 255, 7, 1, 267, 1018, 1, 268, 1019, 1020, 271, 4, 15, 148, 563, 9, 1021, 3, 0, 0, 0, 0, 0, 0, 0, 0, 0, 0, 0, 0, 0, 0, 0, 0, 0, 0, 0, 0, 0]
.\datasets\images\4440018538.jpg	[2, 1, 21, 175, 10, 174, 5, 44, 48, 1, 152, 3, 0, 0, 0, 0, 0, 0, 0, 0, 0, 0, 0, 0, 0, 0, 0, 0, 0, 0, 0, 0, 0, 0, 0, 0, 0, 0, 0, 0]
.\datasets\images\3788779998.jpg	[2, 13, 1187, 7, 1188, 56, 73, 159, 14, 27, 59, 16, 1, 123, 3, 0, 0, 0, 0, 0, 0, 0, 0, 0, 0, 0, 0, 0, 0, 0, 0, 0, 0, 0, 0, 0, 0, 0, 0, 0]
.\datasets\images\128452798.jpg	[2, 1, 45, 70, 9, 18, 1014, 1, 42, 19, 1, 66, 7, 1, 8, 4, 1, 153, 186, 3, 0, 0, 0, 0, 0, 0, 0, 0, 0, 0, 0, 0, 0, 0, 0, 0, 0, 0, 0, 0]
.\datasets\images\2265100168.jpg	[2, 134, 20, 4, 34, 23, 242, 309, 713, 11, 25, 436, 3, 0, 0, 0, 0, 0, 0, 0, 0, 0, 0, 0, 0, 0, 0, 0, 0, 0, 0, 0, 0, 0, 0, 0, 0, 0, 0, 0]
.\datasets\images\3798411098.jpg	[2, 43, 592, 57, 1159, 1160, 109, 1161, 3, 0, 0, 0, 0, 0, 0, 0, 0, 0, 0, 0, 0, 0, 0, 0, 0, 0, 0, 0, 0, 0, 0, 0, 0, 0, 0, 0, 0, 0, 0, 0]
.\datasets\images\4046112444.jpg	[2, 1, 21, 8, 10, 514, 561, 16, 1011, 1, 1012, 11, 562, 4, 147, 3, 0, 0, 0, 0, 0, 0, 0, 0, 0, 0, 0, 0, 0, 0, 0, 0, 0, 0, 0, 0, 0, 0, 0, 0]
.\datasets\images\4665599368.jpg	[2, 1, 104, 20, 10, 672, 16, 411, 10, 32, 9, 1, 63, 11, 1, 290, 4, 5, 116, 3, 0, 0, 0, 0, 0, 0, 0, 0, 0, 0, 0, 0, 0, 0, 0, 0, 0, 0, 0, 0]
.\datasets\images\3713882697.jpg	[2, 1, 12, 4, 1, 25, 378, 72, 294, 1, 1289, 1290, 1291, 3, 0, 0, 0, 0, 0, 0, 0, 0, 0, 0, 0, 0, 0, 0, 0, 0, 0, 0, 0, 0, 0, 0, 0, 0, 0, 0]
.\datasets\images\4669711863.jpg	[2, 1, 58, 10, 231, 6, 5, 91, 4, 32, 9, 1, 667, 3, 0, 0, 0, 0, 0, 0, 0, 0, 0, 0, 0, 0, 0, 0, 0, 0, 0, 0, 0, 0, 0, 0, 0, 0, 0, 0]
.\datasets\images\239175477.jpg	[2, 1, 607, 1240, 12, 155, 40, 205, 7, 338, 106, 1, 1241, 9, 348, 3, 0, 0, 0, 0, 0, 0, 0, 0, 0, 0, 0, 0, 0, 0, 0, 0, 0, 0, 0, 0, 0, 0, 0, 0]
.\datasets\images\4567736674.jpg	[2, 118, 18, 14, 27, 6, 1, 50, 1492, 3, 0, 0, 0, 0, 0, 0, 0, 0, 0, 0, 0, 0, 0, 0, 0, 0, 0, 0, 0, 0, 0, 0, 0, 0, 0, 0, 0, 0, 0, 0]
.\datasets\images\2547957252.jpg	[2, 1, 1367, 105, 11, 35, 443, 30, 29, 25, 7, 24, 295, 3, 0, 0, 0, 0, 0, 0, 0, 0, 0, 0, 0, 0, 0, 0, 0, 0, 0, 0, 0, 0, 0, 0, 0, 0, 0, 0]
.\datasets\images\4613262585.jpg	[2, 1, 21, 38, 67, 6, 1, 8, 178, 257, 3, 0, 0, 0, 0, 0, 0, 0, 0, 0, 0, 0, 0, 0, 0, 0, 0, 0, 0, 0, 0, 0, 0, 0, 0, 0, 0, 0, 0, 0]
.\datasets\images\4106948497.jpg	[2, 567, 267, 4, 34, 1031, 1032, 1, 37, 9, 52, 64, 3, 0, 0, 0, 0, 0, 0, 0, 0, 0, 0, 0, 0, 0, 0, 0, 0, 0, 0, 0, 0, 0, 0, 0, 0, 0, 0, 0]
.\datasets\images\4146150983.jpg	[2, 1466, 22, 590, 127, 17, 1, 221, 3, 0, 0, 0, 0, 0, 0, 0, 0, 0, 0, 0, 0, 0, 0, 0, 0, 0, 0, 0, 0, 0, 0, 0, 0, 0, 0, 0, 0, 0, 0, 0]
.\datasets\images\181989658.jpg	[2, 1, 12, 113, 1, 907, 10, 39, 36, 5, 136, 7, 95, 6, 1, 908, 335, 3, 0, 0, 0, 0, 0, 0, 0, 0, 0, 0, 0, 0, 0, 0, 0, 0, 0, 0, 0, 0, 0, 0]
.\datasets\images\2435166927.jpg	[2, 1, 38, 4, 1, 129, 23, 665, 31, 81, 61, 31, 162, 4, 1, 666, 3, 0, 0, 0, 0, 0, 0, 0, 0, 0, 0, 0, 0, 0, 0, 0, 0, 0, 0, 0, 0, 0, 0, 0]
.\datasets\images\2338798208.jpg	[2, 54, 21, 43, 955, 30, 323, 449, 382, 4, 956, 3, 0, 0, 0, 0, 0, 0, 0, 0, 0, 0, 0, 0, 0, 0, 0, 0, 0, 0, 0, 0, 0, 0, 0, 0, 0, 0, 0, 0]
.\datasets\images\116482438.jpg	[2, 15, 121, 223, 10, 28, 6, 1, 498, 103, 360, 1, 1298, 3, 0, 0, 0, 0, 0, 0, 0, 0, 0, 0, 0, 0, 0, 0, 0, 0, 0, 0, 0, 0, 0, 0, 0, 0, 0, 0]
.\datasets\images\2348557363.jpg	[2, 21, 20, 212, 822, 823, 155, 40, 492, 3, 0, 0, 0, 0, 0, 0, 0, 0, 0, 0, 0, 0, 0, 0, 0, 0, 0, 0, 0, 0, 0, 0, 0, 0, 0, 0, 0, 0, 0, 0]
.\datasets\images\2322675642.jpg	[2, 776, 156, 33, 11, 1, 86, 777, 438, 57, 9, 778, 779, 3, 0, 0, 0, 0, 0, 0, 0, 0, 0, 0, 0, 0, 0, 0, 0, 0, 0, 0, 0, 0, 0, 0, 0, 0, 0, 0]
.\datasets\images\4631476946.jpg	[2, 1, 12, 10, 56, 46, 11, 1217, 521, 16, 31, 162, 7, 371, 3, 0, 0, 0, 0, 0, 0, 0, 0, 0, 0, 0, 0, 0, 0, 0, 0, 0, 0, 0, 0, 0, 0, 0, 0, 0]
.\datasets\images\1145730606.jpg	[2, 1, 12, 10, 29, 1, 1372, 228, 30, 256, 10, 29, 31, 46, 61, 1, 480, 613, 3, 0, 0, 0, 0, 0, 0, 0, 0, 0, 0, 0, 0, 0, 0, 0, 0, 0, 0, 0, 0, 0]
.\datasets\images\1479028910.jpg	[2, 1, 801, 4, 129, 238, 210, 61, 1, 478, 4, 32, 9, 15, 479, 3, 0, 0, 0, 0, 0, 0, 0, 0, 0, 0, 0, 0, 0, 0, 0, 0, 0, 0, 0, 0, 0, 0, 0, 0]
.\datasets\images\3781481086.jpg	[2, 1, 49, 38, 448, 31, 898, 48, 5, 171, 40, 124, 40, 5, 53, 3, 0, 0, 0, 0, 0, 0, 0, 0, 0, 0, 0, 0, 0, 0, 0, 0, 0, 0, 0, 0, 0, 0, 0, 0]
.\datasets\images\156204899.jpg	[2, 141, 14, 1, 37, 9, 18, 4, 1, 316, 7, 176, 317, 756, 458, 6, 3, 0, 0, 0, 0, 0, 0, 0, 0, 0, 0, 0, 0, 0, 0, 0, 0, 0, 0, 0, 0, 0, 0, 0]
.\datasets\images\226664962.jpg	[2, 18, 14, 56, 1455, 141, 10, 1, 194, 3, 0, 0, 0, 0, 0, 0, 0, 0, 0, 0, 0, 0, 0, 0, 0, 0, 0, 0, 0, 0, 0, 0, 0, 0, 0, 0, 0, 0, 0, 0]
.\datasets\images\2295894587.jpg	[2, 1, 104, 24, 44, 4, 5, 90, 3, 0, 0, 0, 0, 0, 0, 0, 0, 0, 0, 0, 0, 0, 0, 0, 0, 0, 0, 0, 0, 0, 0, 0, 0, 0, 0, 0, 0, 0, 0, 0]
.\datasets\images\1043819504.jpg	[2, 1, 37, 9, 18, 27, 4, 32, 9, 15, 1475, 3, 0, 0, 0, 0, 0, 0, 0, 0, 0, 0, 0, 0, 0, 0, 0, 0, 0, 0, 0, 0, 0, 0, 0, 0, 0, 0, 0, 0]
.\datasets\images\2200901777.jpg	[2, 1, 902, 9, 1, 903, 38, 19, 34, 904, 3, 0, 0, 0, 0, 0, 0, 0, 0, 0, 0, 0, 0, 0, 0, 0, 0, 0, 0, 0, 0, 0, 0, 0, 0, 0, 0, 0, 0, 0]
.\datasets\images\3851157121.jpg	[2, 13, 22, 535, 1, 1421, 48, 1422, 6, 5, 366, 3, 0, 0, 0, 0, 0, 0, 0, 0, 0, 0, 0, 0, 0, 0, 0, 0, 0, 0, 0, 0, 0, 0, 0, 0, 0, 0, 0, 0]
.\datasets\images\415604639.jpg	[2, 1, 12, 4, 26, 10, 509, 57, 9, 1, 180, 30, 1, 346, 867, 10, 868, 3, 0, 0, 0, 0, 0, 0, 0, 0, 0, 0, 0, 0, 0, 0, 0, 0, 0, 0, 0, 0, 0, 0]
.\datasets\images\152836785.jpg	[2, 1, 8, 4, 25, 80, 7, 1, 24, 899, 392, 1, 24, 269, 213, 1, 900, 41, 123, 7, 1, 68, 7, 24, 518, 11, 356, 901, 3, 0, 0, 0, 0, 0, 0, 0, 0, 0, 0, 0]
.\datasets\images\460188299.jpg	[2, 1, 8, 4, 1, 25, 23, 10, 1448, 1, 1449, 30, 1, 170, 185, 10, 246, 1450, 6, 1, 45, 489, 82, 135, 3, 0, 0, 0, 0, 0, 0, 0, 0, 0, 0, 0, 0, 0, 0, 0]
.\datasets\images\2249264723.jpg	[2, 1, 21, 42, 138, 353, 1, 252, 3, 0, 0, 0, 0, 0, 0, 0, 0, 0, 0, 0, 0, 0, 0, 0, 0, 0, 0, 0, 0, 0, 0, 0, 0, 0, 0, 0, 0, 0, 0, 0]
.\datasets\images\435138556.jpg	[2, 13, 926, 500, 133, 74, 4, 32, 9, 1, 927, 3, 0, 0, 0, 0, 0, 0, 0, 0, 0, 0, 0, 0, 0, 0, 0, 0, 0, 0, 0, 0, 0, 0, 0, 0, 0, 0, 0, 0]
.\datasets\images\4454159050.jpg	[2, 1, 37, 9, 18, 39, 216, 5, 50, 71, 113, 45, 26, 7, 34, 544, 3, 0, 0, 0, 0, 0, 0, 0, 0, 0, 0, 0, 0, 0, 0, 0, 0, 0, 0, 0, 0, 0, 0, 0]
.\datasets\images\418396886.jpg	[2, 18, 14, 183, 47, 377, 36, 1, 89, 3, 0, 0, 0, 0, 0, 0, 0, 0, 0, 0, 0, 0, 0, 0, 0, 0, 0, 0, 0, 0, 0, 0, 0, 0, 0, 0, 0, 0, 0, 0]
.\datasets\images\2510029990.jpg	[2, 1, 111, 20, 11, 1, 25, 173, 7, 703, 146, 6, 1, 239, 406, 4, 5, 93, 3, 0, 0, 0, 0, 0, 0, 0, 0, 0, 0, 0, 0, 0, 0, 0, 0, 0, 0, 0, 0, 0]
.\datasets\images\4648101227.jpg	[2, 1, 166, 659, 660, 48, 5, 398, 399, 400, 401, 285, 661, 4, 32, 9, 15, 402, 3, 0, 0, 0, 0, 0, 0, 0, 0, 0, 0, 0, 0, 0, 0, 0, 0, 0, 0, 0, 0, 0]
.\datasets\images\1211196579.jpg	[2, 13, 43, 11, 204, 151, 247, 4, 1, 78, 3, 0, 0, 0, 0, 0, 0, 0, 0, 0, 0, 0, 0, 0, 0, 0, 0, 0, 0, 0, 0, 0, 0, 0, 0, 0, 0, 0, 0, 0]
.\datasets\images\14698542.jpg	[2, 905, 52, 14, 6, 1, 184, 519, 11, 517, 906, 6, 147, 3, 0, 0, 0, 0, 0, 0, 0, 0, 0, 0, 0, 0, 0, 0, 0, 0, 0, 0, 0, 0, 0, 0, 0, 0, 0, 0]
.\datasets\images\1184440714.jpg	[2, 13, 43, 29, 81, 4, 5, 100, 30, 138, 3, 0, 0, 0, 0, 0, 0, 0, 0, 0, 0, 0, 0, 0, 0, 0, 0, 0, 0, 0, 0, 0, 0, 0, 0, 0, 0, 0, 0, 0]
.\datasets\images\17186135.jpg	[2, 1, 8, 11, 139, 1328, 1, 547, 6, 5, 354, 3, 0, 0, 0, 0, 0, 0, 0, 0, 0, 0, 0, 0, 0, 0, 0, 0, 0, 0, 0, 0, 0, 0, 0, 0, 0, 0, 0, 0]
.\datasets\images\4513112701.jpg	[2, 1, 166, 10, 33, 161, 503, 7, 524, 3, 0, 0, 0, 0, 0, 0, 0, 0, 0, 0, 0, 0, 0, 0, 0, 0, 0, 0, 0, 0, 0, 0, 0, 0, 0, 0, 0, 0, 0, 0]
.\datasets\images\2421116868.jpg	[2, 15, 782, 8, 56, 4, 783, 146, 324, 1, 34, 784, 785, 3, 0, 0, 0, 0, 0, 0, 0, 0, 0, 0, 0, 0, 0, 0, 0, 0, 0, 0, 0, 0, 0, 0, 0, 0, 0, 0]
.\datasets\images\3801309708.jpg	[2, 1, 20, 4, 34, 145, 242, 198, 1, 123, 3, 0, 0, 0, 0, 0, 0, 0, 0, 0, 0, 0, 0, 0, 0, 0, 0, 0, 0, 0, 0, 0, 0, 0, 0, 0, 0, 0, 0, 0]
.\datasets\images\4500719212.jpg	[2, 1, 12, 7, 1, 8, 28, 6, 1, 252, 309, 1, 190, 3, 0, 0, 0, 0, 0, 0, 0, 0, 0, 0, 0, 0, 0, 0, 0, 0, 0, 0, 0, 0, 0, 0, 0, 0, 0, 0]
.\datasets\images\1303157527.jpg	[2, 1, 8, 836, 127, 110, 1, 334, 6, 5, 50, 30, 837, 152, 213, 3, 0, 0, 0, 0, 0, 0, 0, 0, 0, 0, 0, 0, 0, 0, 0, 0, 0, 0, 0, 0, 0, 0, 0, 0]
.\datasets\images\2186139563.jpg	[2, 49, 44, 451, 114, 17, 967, 3, 0, 0, 0, 0, 0, 0, 0, 0, 0, 0, 0, 0, 0, 0, 0, 0, 0, 0, 0, 0, 0, 0, 0, 0, 0, 0, 0, 0, 0, 0, 0, 0]
.\datasets\images\1088385559.jpg	[2, 15, 516, 12, 4, 893, 80, 894, 307, 6, 31, 354, 3, 0, 0, 0, 0, 0, 0, 0, 0, 0, 0, 0, 0, 0, 0, 0, 0, 0, 0, 0, 0, 0, 0, 0, 0, 0, 0, 0]
.\datasets\images\2258277193.jpg	[2, 13, 12, 7, 51, 8, 27, 65, 86, 608, 3, 0, 0, 0, 0, 0, 0, 0, 0, 0, 0, 0, 0, 0, 0, 0, 0, 0, 0, 0, 0, 0, 0, 0, 0, 0, 0, 0, 0, 0]
.\datasets\images\128452798.jpg	[2, 1, 70, 9, 18, 14, 234, 1, 49, 20, 7, 1, 8, 419, 61, 1, 393, 3, 0, 0, 0, 0, 0, 0, 0, 0, 0, 0, 0, 0, 0, 0, 0, 0, 0, 0, 0, 0, 0, 0]
.\datasets\images\4628406069.jpg	[2, 13, 96, 14, 19, 219, 151, 30, 51, 9, 97, 978, 16, 979, 107, 1, 220, 980, 3, 0, 0, 0, 0, 0, 0, 0, 0, 0, 0, 0, 0, 0, 0, 0, 0, 0, 0, 0, 0, 0]
.\datasets\images\4051895630.jpg	[2, 1, 12, 105, 40, 1, 78, 11, 31, 126, 3, 0, 0, 0, 0, 0, 0, 0, 0, 0, 0, 0, 0, 0, 0, 0, 0, 0, 0, 0, 0, 0, 0, 0, 0, 0, 0, 0, 0, 0]
.\datasets\images\4483766693.jpg	[2, 5, 8, 11, 144, 7, 1, 193, 23, 10, 39, 36, 5, 50, 11, 54, 724, 9, 196, 3, 0, 0, 0, 0, 0, 0, 0, 0, 0, 0, 0, 0, 0, 0, 0, 0, 0, 0, 0, 0]
.\datasets\images\2540972205.jpg	[2, 1, 37, 56, 4, 69, 1342, 461, 1, 1343, 16, 5, 70, 3, 0, 0, 0, 0, 0, 0, 0, 0, 0, 0, 0, 0, 0, 0, 0, 0, 0, 0, 0, 0, 0, 0, 0, 0, 0, 0]
.\datasets\images\202174004.jpg	[2, 206, 18, 4, 563, 458, 14, 157, 279, 3, 0, 0, 0, 0, 0, 0, 0, 0, 0, 0, 0, 0, 0, 0, 0, 0, 0, 0, 0, 0, 0, 0, 0, 0, 0, 0, 0, 0, 0, 0]
.\datasets\images\4326538699.jpg	[2, 13, 1059, 96, 4, 1060, 151, 245, 16, 209, 1, 92, 7, 24, 387, 16, 1061, 57, 9, 5, 1062, 3, 0, 0, 0, 0, 0, 0, 0, 0, 0, 0, 0, 0, 0, 0, 0, 0, 0, 0]
.\datasets\images\2407091303.jpg	[2, 1, 21, 20, 279, 4, 1, 641, 3, 0, 0, 0, 0, 0, 0, 0, 0, 0, 0, 0, 0, 0, 0, 0, 0, 0, 0, 0, 0, 0, 0, 0, 0, 0, 0, 0, 0, 0, 0, 0]
.\datasets\images\2406062461.jpg	[2, 1, 8, 4, 1001, 10, 331, 1, 1002, 1003, 16, 1, 557, 38, 7, 5, 1004, 9, 5, 70, 3, 0, 0, 0, 0, 0, 0, 0, 0, 0, 0, 0, 0, 0, 0, 0, 0, 0, 0, 0]
.\datasets\images\3871713477.jpg	[2, 1, 136, 1279, 1280, 47, 1281, 1282, 11, 1283, 3, 0, 0, 0, 0, 0, 0, 0, 0, 0, 0, 0, 0, 0, 0, 0, 0, 0, 0, 0, 0, 0, 0, 0, 0, 0, 0, 0, 0, 0]
.\datasets\images\4509270396.jpg	[2, 54, 188, 351, 4, 1, 166, 6, 132, 3, 0, 0, 0, 0, 0, 0, 0, 0, 0, 0, 0, 0, 0, 0, 0, 0, 0, 0, 0, 0, 0, 0, 0, 0, 0, 0, 0, 0, 0, 0]
.\datasets\images\2395360530.jpg	[2, 13, 21, 388, 55, 17, 771, 772, 323, 204, 773, 3, 0, 0, 0, 0, 0, 0, 0, 0, 0, 0, 0, 0, 0, 0, 0, 0, 0, 0, 0, 0, 0, 0, 0, 0, 0, 0, 0, 0]
.\datasets\images\2315867011.jpg	[2, 13, 52, 28, 947, 1, 45, 69, 948, 179, 3, 0, 0, 0, 0, 0, 0, 0, 0, 0, 0, 0, 0, 0, 0, 0, 0, 0, 0, 0, 0, 0, 0, 0, 0, 0, 0, 0, 0, 0]
.\datasets\images\4271121531.jpg	[2, 1, 38, 56, 46, 77, 1, 921, 352, 17, 5, 75, 3, 0, 0, 0, 0, 0, 0, 0, 0, 0, 0, 0, 0, 0, 0, 0, 0, 0, 0, 0, 0, 0, 0, 0, 0, 0, 0, 0]
.\datasets\images\4687986765.jpg	[2, 1, 21, 58, 1207, 40, 5, 204, 408, 571, 6, 5, 63, 3, 0, 0, 0, 0, 0, 0, 0, 0, 0, 0, 0, 0, 0, 0, 0, 0, 0, 0, 0, 0, 0, 0, 0, 0, 0, 0]
.\datasets\images\3969232921.jpg	[2, 1112, 549, 14, 27, 65, 1, 1113, 523, 1114, 3, 0, 0, 0, 0, 0, 0, 0, 0, 0, 0, 0, 0, 0, 0, 0, 0, 0, 0, 0, 0, 0, 0, 0, 0, 0, 0, 0, 0, 0]
.\datasets\images\4670356028.jpg	[2, 1, 8, 19, 1, 24, 23, 10, 27, 4, 5, 50, 4, 32, 9, 1, 190, 3, 0, 0, 0, 0, 0, 0, 0, 0, 0, 0, 0, 0, 0, 0, 0, 0, 0, 0, 0, 0, 0, 0]
.\datasets\images\2100610920.jpg	[2, 1, 12, 245, 6, 31, 68, 730, 165, 5, 22, 311, 731, 732, 48, 31, 3, 0, 0, 0, 0, 0, 0, 0, 0, 0, 0, 0, 0, 0, 0, 0, 0, 0, 0, 0, 0, 0, 0, 0]
.\datasets\images\4448061247.jpg	[2, 1, 8, 1254, 87, 8, 30, 601, 375, 3, 0, 0, 0, 0, 0, 0, 0, 0, 0, 0, 0, 0, 0, 0, 0, 0, 0, 0, 0, 0, 0, 0, 0, 0, 0, 0, 0, 0, 0, 0]
.\datasets\images\195611212.jpg	[2, 13, 22, 14, 98, 16, 322, 46, 15, 85, 767, 3, 0, 0, 0, 0, 0, 0, 0, 0, 0, 0, 0, 0, 0, 0, 0, 0, 0, 0, 0, 0, 0, 0, 0, 0, 0, 0, 0, 0]
.\datasets\images\4623589654.jpg	[2, 268, 222, 9, 18, 64, 45, 1132, 63, 3, 0, 0, 0, 0, 0, 0, 0, 0, 0, 0, 0, 0, 0, 0, 0, 0, 0, 0, 0, 0, 0, 0, 0, 0, 0, 0, 0, 0, 0, 0]
.\datasets\images\2052202553.jpg	[2, 1, 44, 128, 1, 182, 4, 200, 172, 4, 5, 53, 3, 0, 0, 0, 0, 0, 0, 0, 0, 0, 0, 0, 0, 0, 0, 0, 0, 0, 0, 0, 0, 0, 0, 0, 0, 0, 0, 0]
.\datasets\images\229169021.jpg	[2, 1, 37, 9, 18, 14, 117, 372, 17, 15, 464, 330, 3, 0, 0, 0, 0, 0, 0, 0, 0, 0, 0, 0, 0, 0, 0, 0, 0, 0, 0, 0, 0, 0, 0, 0, 0, 0, 0, 0]
.\datasets\images\121556607.jpg	[2, 54, 22, 4, 1276, 1277, 1278, 80, 39, 36, 1, 89, 3, 0, 0, 0, 0, 0, 0, 0, 0, 0, 0, 0, 0, 0, 0, 0, 0, 0, 0, 0, 0, 0, 0, 0, 0, 0, 0, 0]
.\datasets\images\4572160708.jpg	[2, 1, 12, 4, 1, 41, 403, 7, 193, 23, 404, 57, 9, 1, 102, 7, 128, 1, 75, 4, 32, 9, 31, 286, 662, 147, 17, 5, 194, 3, 0, 0, 0, 0, 0, 0, 0, 0, 0, 0]
.\datasets\images\161987106.jpg	[2, 5, 414, 10, 321, 5, 763, 30, 176, 169, 17, 47, 764, 7, 461, 3, 0, 0, 0, 0, 0, 0, 0, 0, 0, 0, 0, 0, 0, 0, 0, 0, 0, 0, 0, 0, 0, 0, 0, 0]
.\datasets\images\1184910489.jpg	[2, 1, 12, 11, 13, 159, 164, 485, 1, 63, 3, 0, 0, 0, 0, 0, 0, 0, 0, 0, 0, 0, 0, 0, 0, 0, 0, 0, 0, 0, 0, 0, 0, 0, 0, 0, 0, 0, 0, 0]
.\datasets\images\1924265693.jpg	[2, 13, 43, 14, 55, 17, 1, 488, 489, 3, 0, 0, 0, 0, 0, 0, 0, 0, 0, 0, 0, 0, 0, 0, 0, 0, 0, 0, 0, 0, 0, 0, 0, 0, 0, 0, 0, 0, 0, 0]
.\datasets\images\2193223202.jpg	[2, 6, 5, 91, 1, 20, 4, 1, 34, 173, 10, 1271, 61, 29, 1, 202, 7, 13, 74, 159, 3, 0, 0, 0, 0, 0, 0, 0, 0, 0, 0, 0, 0, 0, 0, 0, 0, 0, 0, 0]
.\datasets\images\1394927474.jpg	[2, 1, 21, 8, 11, 1, 41, 413, 329, 10, 27, 59, 16, 15, 802, 480, 7, 63, 3, 0, 0, 0, 0, 0, 0, 0, 0, 0, 0, 0, 0, 0, 0, 0, 0, 0, 0, 0, 0, 0]
.\datasets\images\245358696.jpg	[2, 1, 37, 9, 22, 4, 957, 153, 958, 196, 959, 4, 1, 960, 3, 0, 0, 0, 0, 0, 0, 0, 0, 0, 0, 0, 0, 0, 0, 0, 0, 0, 0, 0, 0, 0, 0, 0, 0, 0]
.\datasets\images\4559823713.jpg	[2, 1, 8, 4, 1, 41, 83, 105, 4, 32, 9, 1, 358, 165, 106, 1, 1054, 1055, 571, 6, 147, 3, 0, 0, 0, 0, 0, 0, 0, 0, 0, 0, 0, 0, 0, 0, 0, 0, 0, 0]
.\datasets\images\253924161.jpg	[2, 1, 8, 11, 129, 109, 7, 1, 134, 12, 28, 6, 5, 1438, 163, 9, 1, 150, 11, 377, 4, 5, 116, 3, 0, 0, 0, 0, 0, 0, 0, 0, 0, 0, 0, 0, 0, 0, 0, 0]
.\datasets\images\2479812637.jpg	[2, 1, 42, 4, 41, 7, 1, 42, 4, 68, 33, 6, 1, 536, 537, 3, 0, 0, 0, 0, 0, 0, 0, 0, 0, 0, 0, 0, 0, 0, 0, 0, 0, 0, 0, 0, 0, 0, 0, 0]
.\datasets\images\2081041537.jpg	[2, 1, 8, 10, 55, 64, 9, 1, 102, 3, 0, 0, 0, 0, 0, 0, 0, 0, 0, 0, 0, 0, 0, 0, 0, 0, 0, 0, 0, 0, 0, 0, 0, 0, 0, 0, 0, 0, 0, 0]
.\datasets\images\4571627369.jpg	[2, 1, 194, 128, 46, 5, 75, 16, 209, 1, 1192, 598, 3, 0, 0, 0, 0, 0, 0, 0, 0, 0, 0, 0, 0, 0, 0, 0, 0, 0, 0, 0, 0, 0, 0, 0, 0, 0, 0, 0]
.\datasets\images\4678130554.jpg	[2, 1, 645, 646, 647, 1, 12, 11, 1, 25, 23, 113, 1, 227, 3, 0, 0, 0, 0, 0, 0, 0, 0, 0, 0, 0, 0, 0, 0, 0, 0, 0, 0, 0, 0, 0, 0, 0, 0, 0]
.\datasets\images\132717787.jpg	[2, 1, 45, 1063, 221, 115, 573, 48, 1064, 3, 0, 0, 0, 0, 0, 0, 0, 0, 0, 0, 0, 0, 0, 0, 0, 0, 0, 0, 0, 0, 0, 0, 0, 0, 0, 0, 0, 0, 0, 0]
.\datasets\images\2279416167.jpg	[2, 1, 42, 160, 1, 274, 1013, 6, 5, 88, 3, 0, 0, 0, 0, 0, 0, 0, 0, 0, 0, 0, 0, 0, 0, 0, 0, 0, 0, 0, 0, 0, 0, 0, 0, 0, 0, 0, 0, 0]
.\datasets\images\4443309552.jpg	[2, 13, 346, 549, 183, 969, 36, 5, 136, 3, 0, 0, 0, 0, 0, 0, 0, 0, 0, 0, 0, 0, 0, 0, 0, 0, 0, 0, 0, 0, 0, 0, 0, 0, 0, 0, 0, 0, 0, 0]
.\datasets\images\1317292658.jpg	[2, 1, 20, 916, 1, 526, 527, 3, 0, 0, 0, 0, 0, 0, 0, 0, 0, 0, 0, 0, 0, 0, 0, 0, 0, 0, 0, 0, 0, 0, 0, 0, 0, 0, 0, 0, 0, 0, 0, 0]
.\datasets\images\2113996953.jpg	[2, 1, 111, 73, 12, 19, 1, 744, 66, 67, 6, 1, 136, 745, 31, 746, 3, 0, 0, 0, 0, 0, 0, 0, 0, 0, 0, 0, 0, 0, 0, 0, 0, 0, 0, 0, 0, 0, 0, 0]
.\datasets\images\2568656919.jpg	[2, 13, 62, 79, 4, 483, 53, 3, 0, 0, 0, 0, 0, 0, 0, 0, 0, 0, 0, 0, 0, 0, 0, 0, 0, 0, 0, 0, 0, 0, 0, 0, 0, 0, 0, 0, 0, 0, 0, 0]
.\datasets\images\463439358.jpg	[2, 1, 983, 984, 35, 985, 986, 987, 988, 552, 110, 5, 325, 989, 9, 266, 990, 6, 1, 313, 362, 482, 171, 11, 1, 991, 992, 7, 5, 53, 993, 77, 5, 552, 507, 3, 0, 0, 0, 0]
.\datasets\images\3745393805.jpg	[2, 15, 121, 43, 11, 130, 998, 7, 230, 129, 109, 67, 59, 16, 1, 999, 9, 1000, 3, 0, 0, 0, 0, 0, 0, 0, 0, 0, 0, 0, 0, 0, 0, 0, 0, 0, 0, 0, 0, 0]
.\datasets\images\1449692616.jpg	[2, 1, 38, 1501, 1, 208, 11, 31, 275, 61, 5, 75, 1502, 3, 0, 0, 0, 0, 0, 0, 0, 0, 0, 0, 0, 0, 0, 0, 0, 0, 0, 0, 0, 0, 0, 0, 0, 0, 0, 0]
.\datasets\images\2278766574.jpg	[2, 118, 18, 14, 39, 36, 1, 292, 3, 0, 0, 0, 0, 0, 0, 0, 0, 0, 0, 0, 0, 0, 0, 0, 0, 0, 0, 0, 0, 0, 0, 0, 0, 0, 0, 0, 0, 0, 0, 0]
.\datasets\images\4429773871.jpg	[2, 13, 18, 861, 6, 1, 86, 51, 4, 1, 69, 23, 7, 51, 165, 115, 177, 1, 267, 4, 1, 41, 862, 23, 3, 0, 0, 0, 0, 0, 0, 0, 0, 0, 0, 0, 0, 0, 0, 0]
.\datasets\images\3773301622.jpg	[2, 1, 8, 28, 4, 1, 45, 1127, 357, 1, 196, 3, 0, 0, 0, 0, 0, 0, 0, 0, 0, 0, 0, 0, 0, 0, 0, 0, 0, 0, 0, 0, 0, 0, 0, 0, 0, 0, 0, 0]
.\datasets\images\3826504213.jpg	[2, 1, 58, 28, 4, 1, 78, 3, 0, 0, 0, 0, 0, 0, 0, 0, 0, 0, 0, 0, 0, 0, 0, 0, 0, 0, 0, 0, 0, 0, 0, 0, 0, 0, 0, 0, 0, 0, 0, 0]
.\datasets\images\4047727514.jpg	[2, 1, 262, 9, 205, 981, 1, 288, 7, 55, 17, 131, 3, 0, 0, 0, 0, 0, 0, 0, 0, 0, 0, 0, 0, 0, 0, 0, 0, 0, 0, 0, 0, 0, 0, 0, 0, 0, 0, 0]
.\datasets\images\4070093390.jpg	[2, 71, 18, 14, 189, 4, 1, 222, 3, 0, 0, 0, 0, 0, 0, 0, 0, 0, 0, 0, 0, 0, 0, 0, 0, 0, 0, 0, 0, 0, 0, 0, 0, 0, 0, 0, 0, 0, 0, 0]
.\datasets\images\4507048434.jpg	[2, 8, 261, 6, 199, 30, 27, 65, 1, 859, 154, 3, 0, 0, 0, 0, 0, 0, 0, 0, 0, 0, 0, 0, 0, 0, 0, 0, 0, 0, 0, 0, 0, 0, 0, 0, 0, 0, 0, 0]
.\datasets\images\1301978702.jpg	[2, 1, 232, 409, 8, 28, 4, 1, 103, 29, 1, 288, 410, 3, 0, 0, 0, 0, 0, 0, 0, 0, 0, 0, 0, 0, 0, 0, 0, 0, 0, 0, 0, 0, 0, 0, 0, 0, 0, 0]
.\datasets\images\4392574245.jpg	[2, 13, 22, 11, 151, 7, 1, 12, 14, 138, 107, 725, 53, 30, 19, 726, 312, 3, 0, 0, 0, 0, 0, 0, 0, 0, 0, 0, 0, 0, 0, 0, 0, 0, 0, 0, 0, 0, 0, 0]
.\datasets\images\4684568999.jpg	[2, 13, 1025, 19, 219, 151, 4, 1026, 47, 203, 317, 1027, 1028, 6, 97, 1029, 1, 1030, 11, 53, 565, 3, 0, 0, 0, 0, 0, 0, 0, 0, 0, 0, 0, 0, 0, 0, 0, 0, 0, 0]
.\datasets\images\1220401002.jpg	[2, 13, 21, 112, 33, 99, 3, 0, 0, 0, 0, 0, 0, 0, 0, 0, 0, 0, 0, 0, 0, 0, 0, 0, 0, 0, 0, 0, 0, 0, 0, 0, 0, 0, 0, 0, 0, 0, 0, 0]
.\datasets\images\1587652280.jpg	[2, 1, 37, 9, 52, 14, 39, 6, 1, 292, 65, 1, 41, 684, 148, 3, 0, 0, 0, 0, 0, 0, 0, 0, 0, 0, 0, 0, 0, 0, 0, 0, 0, 0, 0, 0, 0, 0, 0, 0]
.\datasets\images\2429464837.jpg	[2, 108, 21, 73, 444, 735, 445, 4, 45, 239, 446, 11, 5, 58, 447, 97, 3, 0, 0, 0, 0, 0, 0, 0, 0, 0, 0, 0, 0, 0, 0, 0, 0, 0, 0, 0, 0, 0, 0, 0]
.\datasets\images\209274114.jpg	[2, 1, 130, 233, 42, 105, 412, 1, 673, 287, 165, 106, 5, 413, 9, 674, 675, 3, 0, 0, 0, 0, 0, 0, 0, 0, 0, 0, 0, 0, 0, 0, 0, 0, 0, 0, 0, 0, 0, 0]
.\datasets\images\4587837067.jpg	[2, 1, 12, 4, 26, 10, 29, 131, 4, 31, 172, 3, 0, 0, 0, 0, 0, 0, 0, 0, 0, 0, 0, 0, 0, 0, 0, 0, 0, 0, 0, 0, 0, 0, 0, 0, 0, 0, 0, 0]
.\datasets\images\4613264235.jpg	[2, 13, 52, 4, 68, 291, 420, 4, 93, 3, 0, 0, 0, 0, 0, 0, 0, 0, 0, 0, 0, 0, 0, 0, 0, 0, 0, 0, 0, 0, 0, 0, 0, 0, 0, 0, 0, 0, 0, 0]
.\datasets\images\245133696.jpg	[2, 13, 21, 22, 7, 1, 12, 101, 471, 7, 1, 1193, 4, 1, 1194, 1195, 180, 3, 0, 0, 0, 0, 0, 0, 0, 0, 0, 0, 0, 0, 0, 0, 0, 0, 0, 0, 0, 0, 0, 0]
.\datasets\images\2551632823.jpg	[2, 1, 8, 28, 6, 1, 326, 117, 15, 897, 3, 0, 0, 0, 0, 0, 0, 0, 0, 0, 0, 0, 0, 0, 0, 0, 0, 0, 0, 0, 0, 0, 0, 0, 0, 0, 0, 0, 0, 0]
.\datasets\images\4625392581.jpg	[2, 21, 20, 28, 6, 72, 9, 484, 178, 257, 3, 0, 0, 0, 0, 0, 0, 0, 0, 0, 0, 0, 0, 0, 0, 0, 0, 0, 0, 0, 0, 0, 0, 0, 0, 0, 0, 0, 0, 0]
.\datasets\images\24761526.jpg	[2, 1, 21, 12, 465, 30, 466, 57, 11, 205, 3, 0, 0, 0, 0, 0, 0, 0, 0, 0, 0, 0, 0, 0, 0, 0, 0, 0, 0, 0, 0, 0, 0, 0, 0, 0, 0, 0, 0, 0]
.\datasets\images\174385510.jpg	[2, 1, 8, 7, 1, 12, 383, 4, 32, 9, 1, 34, 154, 3, 0, 0, 0, 0, 0, 0, 0, 0, 0, 0, 0, 0, 0, 0, 0, 0, 0, 0, 0, 0, 0, 0, 0, 0, 0, 0]
.\datasets\images\449287870.jpg	[2, 1, 255, 142, 19, 1, 84, 23, 10, 33, 6, 1, 278, 3, 0, 0, 0, 0, 0, 0, 0, 0, 0, 0, 0, 0, 0, 0, 0, 0, 0, 0, 0, 0, 0, 0, 0, 0, 0, 0]
.\datasets\images\1145770960.jpg	[2, 1, 8, 7, 1, 42, 11, 1, 786, 9, 472, 3, 0, 0, 0, 0, 0, 0, 0, 0, 0, 0, 0, 0, 0, 0, 0, 0, 0, 0, 0, 0, 0, 0, 0, 0, 0, 0, 0, 0]
.\datasets\images\2473018628.jpg	[2, 13, 43, 7, 1, 8, 655, 228, 656, 57, 9, 47, 657, 284, 1, 658, 3, 0, 0, 0, 0, 0, 0, 0, 0, 0, 0, 0, 0, 0, 0, 0, 0, 0, 0, 0, 0, 0, 0, 0]
.\datasets\images\4122709463.jpg	[2, 18, 1402, 1403, 284, 1404, 1405, 1406, 1407, 47, 1408, 4, 1409, 1410, 3, 0, 0, 0, 0, 0, 0, 0, 0, 0, 0, 0, 0, 0, 0, 0, 0, 0, 0, 0, 0, 0, 0, 0, 0, 0]
.\datasets\images\2332390060.jpg	[2, 1, 255, 1389, 1390, 1391, 107, 5, 100, 4, 1, 1392, 1393, 3, 0, 0, 0, 0, 0, 0, 0, 0, 0, 0, 0, 0, 0, 0, 0, 0, 0, 0, 0, 0, 0, 0, 0, 0, 0, 0]
.\datasets\images\2052953131.jpg	[2, 157, 587, 279, 314, 1126, 3, 0, 0, 0, 0, 0, 0, 0, 0, 0, 0, 0, 0, 0, 0, 0, 0, 0, 0, 0, 0, 0, 0, 0, 0, 0, 0, 0, 0, 0, 0, 0, 0, 0]
.\datasets\images\4445556418.jpg	[2, 1338, 247, 4, 1, 1339, 11, 41, 574, 7, 34, 1340, 352, 17, 5, 75, 3, 0, 0, 0, 0, 0, 0, 0, 0, 0, 0, 0, 0, 0, 0, 0, 0, 0, 0, 0, 0, 0, 0, 0]
.\datasets\images\3749195206.jpg	[2, 1, 104, 42, 10, 557, 40, 542, 543, 3, 0, 0, 0, 0, 0, 0, 0, 0, 0, 0, 0, 0, 0, 0, 0, 0, 0, 0, 0, 0, 0, 0, 0, 0, 0, 0, 0, 0, 0, 0]
.\datasets\images\1801663973.jpg	[2, 1, 45, 12, 11, 268, 84, 109, 56, 4, 26, 10, 231, 6, 1, 123, 884, 95, 16, 1, 8, 120, 10, 885, 36, 59, 16, 31, 3, 0, 0, 0, 0, 0, 0, 0, 0, 0, 0, 0]
.\datasets\images\126438084.jpg	[2, 1, 8, 4, 370, 24, 28, 298, 1123, 60, 585, 303, 336, 9, 580, 307, 4, 1, 432, 3, 0, 0, 0, 0, 0, 0, 0, 0, 0, 0, 0, 0, 0, 0, 0, 0, 0, 0, 0, 0]
.\datasets\images\414773731.jpg	[2, 1, 44, 79, 6, 90, 7, 241, 3, 0, 0, 0, 0, 0, 0, 0, 0, 0, 0, 0, 0, 0, 0, 0, 0, 0, 0, 0, 0, 0, 0, 0, 0, 0, 0, 0, 0, 0, 0, 0]
.\datasets\images\4576144189.jpg	[2, 1, 338, 10, 1152, 341, 6, 5, 1153, 11, 47, 49, 20, 3, 0, 0, 0, 0, 0, 0, 0, 0, 0, 0, 0, 0, 0, 0, 0, 0, 0, 0, 0, 0, 0, 0, 0, 0, 0, 0]
.\datasets\images\1197800988.jpg	[2, 1, 12, 67, 17, 1, 1009, 150, 117, 11, 559, 3, 0, 0, 0, 0, 0, 0, 0, 0, 0, 0, 0, 0, 0, 0, 0, 0, 0, 0, 0, 0, 0, 0, 0, 0, 0, 0, 0, 0]
.\datasets\images\2071830584.jpg	[2, 1, 12, 19, 1, 26, 211, 7, 68, 318, 27, 4, 1, 361, 243, 4, 953, 189, 48, 31, 86, 3, 0, 0, 0, 0, 0, 0, 0, 0, 0, 0, 0, 0, 0, 0, 0, 0, 0, 0]
.\datasets\images\4663418784.jpg	[2, 18, 14, 28, 60, 878, 4, 1, 119, 349, 3, 0, 0, 0, 0, 0, 0, 0, 0, 0, 0, 0, 0, 0, 0, 0, 0, 0, 0, 0, 0, 0, 0, 0, 0, 0, 0, 0, 0, 0]
.\datasets\images\4314845310.jpg	[2, 13, 18, 240, 16, 747, 1, 454, 3, 0, 0, 0, 0, 0, 0, 0, 0, 0, 0, 0, 0, 0, 0, 0, 0, 0, 0, 0, 0, 0, 0, 0, 0, 0, 0, 0, 0, 0, 0, 0]
.\datasets\images\1496289999.jpg	[2, 1, 140, 587, 212, 1, 1483, 157, 3, 0, 0, 0, 0, 0, 0, 0, 0, 0, 0, 0, 0, 0, 0, 0, 0, 0, 0, 0, 0, 0, 0, 0, 0, 0, 0, 0, 0, 0, 0, 0]
.\datasets\images\394563330.jpg	[2, 73, 12, 29, 497, 11, 339, 839, 4, 5, 116, 3, 0, 0, 0, 0, 0, 0, 0, 0, 0, 0, 0, 0, 0, 0, 0, 0, 0, 0, 0, 0, 0, 0, 0, 0, 0, 0, 0, 0]
.\datasets\images\4469164358.jpg	[2, 1, 564, 8, 56, 77, 15, 85, 364, 290, 1022, 11, 85, 364, 1023, 3, 0, 0, 0, 0, 0, 0, 0, 0, 0, 0, 0, 0, 0, 0, 0, 0, 0, 0, 0, 0, 0, 0, 0, 0]
.\datasets\images\1227655020.jpg	[2, 13, 62, 101, 4, 230, 93, 3, 0, 0, 0, 0, 0, 0, 0, 0, 0, 0, 0, 0, 0, 0, 0, 0, 0, 0, 0, 0, 0, 0, 0, 0, 0, 0, 0, 0, 0, 0, 0, 0]
.\datasets\images\2092177624.jpg	[2, 1, 49, 20, 11, 1, 41, 23, 10, 79, 6, 1, 140, 326, 3, 0, 0, 0, 0, 0, 0, 0, 0, 0, 0, 0, 0, 0, 0, 0, 0, 0, 0, 0, 0, 0, 0, 0, 0, 0]
.\datasets\images\3805204469.jpg	[2, 1, 917, 918, 6, 15, 919, 4, 15, 409, 920, 337, 3, 0, 0, 0, 0, 0, 0, 0, 0, 0, 0, 0, 0, 0, 0, 0, 0, 0, 0, 0, 0, 0, 0, 0, 0, 0, 0, 0]
.\datasets\images\4641899410.jpg	[2, 85, 18, 27, 4, 1, 259, 17, 1, 330, 3, 0, 0, 0, 0, 0, 0, 0, 0, 0, 0, 0, 0, 0, 0, 0, 0, 0, 0, 0, 0, 0, 0, 0, 0, 0, 0, 0, 0, 0]
.\datasets\images\2456532329.jpg	[2, 15, 343, 8, 10, 33, 15, 506, 3, 0, 0, 0, 0, 0, 0, 0, 0, 0, 0, 0, 0, 0, 0, 0, 0, 0, 0, 0, 0, 0, 0, 0, 0, 0, 0, 0, 0, 0, 0, 0]
.\datasets\images\143688205.jpg	[2, 1, 58, 787, 1, 325, 326, 11, 1, 192, 788, 3, 0, 0, 0, 0, 0, 0, 0, 0, 0, 0, 0, 0, 0, 0, 0, 0, 0, 0, 0, 0, 0, 0, 0, 0, 0, 0, 0, 0]
.\datasets\images\1770036088.jpg	[2, 13, 18, 14, 4, 236, 3, 0, 0, 0, 0, 0, 0, 0, 0, 0, 0, 0, 0, 0, 0, 0, 0, 0, 0, 0, 0, 0, 0, 0, 0, 0, 0, 0, 0, 0, 0, 0, 0, 0]
.\datasets\images\3827180184.jpg	[2, 1, 78, 11, 1056, 7, 18, 4, 1, 1057, 572, 3, 0, 0, 0, 0, 0, 0, 0, 0, 0, 0, 0, 0, 0, 0, 0, 0, 0, 0, 0, 0, 0, 0, 0, 0, 0, 0, 0, 0]
.\datasets\images\2267923837.jpg	[2, 52, 111, 7, 352, 17, 75, 3, 0, 0, 0, 0, 0, 0, 0, 0, 0, 0, 0, 0, 0, 0, 0, 0, 0, 0, 0, 0, 0, 0, 0, 0, 0, 0, 0, 0, 0, 0, 0, 0]
.\datasets\images\241347611.jpg	[2, 1, 733, 4, 1, 24, 734, 23, 6, 1, 202, 78, 3, 0, 0, 0, 0, 0, 0, 0, 0, 0, 0, 0, 0, 0, 0, 0, 0, 0, 0, 0, 0, 0, 0, 0, 0, 0, 0, 0]
.\datasets\images\3991376513.jpg	[2, 15, 85, 73, 8, 10, 1415, 6, 1, 158, 3, 0, 0, 0, 0, 0, 0, 0, 0, 0, 0, 0, 0, 0, 0, 0, 0, 0, 0, 0, 0, 0, 0, 0, 0, 0, 0, 0, 0, 0]
.\datasets\images\4679327842.jpg	[2, 1, 20, 33, 11, 5, 114, 4, 5, 1165, 119, 1166, 1167, 4, 1168, 3, 0, 0, 0, 0, 0, 0, 0, 0, 0, 0, 0, 0, 0, 0, 0, 0, 0, 0, 0, 0, 0, 0, 0, 0]
.\datasets\images\436009777.jpg	[2, 13, 18, 247, 6, 1, 45, 140, 65, 1, 119, 50, 3, 0, 0, 0, 0, 0, 0, 0, 0, 0, 0, 0, 0, 0, 0, 0, 0, 0, 0, 0, 0, 0, 0, 0, 0, 0, 0, 0]
.\datasets\images\4434580214.jpg	[2, 729, 22, 4, 442, 80, 152, 36, 5, 50, 3, 0, 0, 0, 0, 0, 0, 0, 0, 0, 0, 0, 0, 0, 0, 0, 0, 0, 0, 0, 0, 0, 0, 0, 0, 0, 0, 0, 0, 0]
.\datasets\images\1489529980.jpg	[2, 12, 160, 1228, 110, 474, 3, 0, 0, 0, 0, 0, 0, 0, 0, 0, 0, 0, 0, 0, 0, 0, 0, 0, 0, 0, 0, 0, 0, 0, 0, 0, 0, 0, 0, 0, 0, 0, 0, 0]
.\datasets\images\4410308811.jpg	[2, 51, 8, 10, 27, 4, 15, 464, 7, 95, 16, 87, 8, 28, 40, 1, 770, 3, 0, 0, 0, 0, 0, 0, 0, 0, 0, 0, 0, 0, 0, 0, 0, 0, 0, 0, 0, 0, 0, 0]
.\datasets\images\192486925.jpg	[2, 13, 188, 4, 26, 181, 1008, 64, 3, 0, 0, 0, 0, 0, 0, 0, 0, 0, 0, 0, 0, 0, 0, 0, 0, 0, 0, 0, 0, 0, 0, 0, 0, 0, 0, 0, 0, 0, 0, 0]
.\datasets\images\2209766109.jpg	[2, 1, 12, 39, 36, 1, 697, 300, 3, 0, 0, 0, 0, 0, 0, 0, 0, 0, 0, 0, 0, 0, 0, 0, 0, 0, 0, 0, 0, 0, 0, 0, 0, 0, 0, 0, 0, 0, 0, 0]
.\datasets\images\4513112701.jpg	[2, 1, 8, 10, 33, 1, 161, 6, 132, 3, 0, 0, 0, 0, 0, 0, 0, 0, 0, 0, 0, 0, 0, 0, 0, 0, 0, 0, 0, 0, 0, 0, 0, 0, 0, 0, 0, 0, 0, 0]
.\datasets\images\3749195206.jpg	[2, 1, 49, 20, 10, 4, 1, 954, 542, 55, 17, 5, 543, 3, 0, 0, 0, 0, 0, 0, 0, 0, 0, 0, 0, 0, 0, 0, 0, 0, 0, 0, 0, 0, 0, 0, 0, 0, 0, 0]
.\datasets\images\4533797732.jpg	[2, 1, 8, 591, 11, 1, 1469, 1470, 476, 1471, 1472, 1473, 1474, 3, 0, 0, 0, 0, 0, 0, 0, 0, 0, 0, 0, 0, 0, 0, 0, 0, 0, 0, 0, 0, 0, 0, 0, 0, 0, 0]
.\datasets\images\1798089612.jpg	[2, 15, 73, 12, 4, 1, 84, 403, 29, 1252, 1253, 3, 0, 0, 0, 0, 0, 0, 0, 0, 0, 0, 0, 0, 0, 0, 0, 0, 0, 0, 0, 0, 0, 0, 0, 0, 0, 0, 0, 0]
.\datasets\images\156453471.jpg	[2, 13, 26, 22, 27, 65, 150, 11, 681, 9, 682, 7, 683, 131, 3, 0, 0, 0, 0, 0, 0, 0, 0, 0, 0, 0, 0, 0, 0, 0, 0, 0, 0, 0, 0, 0, 0, 0, 0, 0]
.\datasets\images\2194797921.jpg	[2, 38, 212, 1154, 1155, 17, 88, 3, 0, 0, 0, 0, 0, 0, 0, 0, 0, 0, 0, 0, 0, 0, 0, 0, 0, 0, 0, 0, 0, 0, 0, 0, 0, 0, 0, 0, 0, 0, 0, 0]
.\datasets\images\2575887239.jpg	[2, 1, 8, 39, 216, 1, 1074, 61, 72, 9, 53, 3, 0, 0, 0, 0, 0, 0, 0, 0, 0, 0, 0, 0, 0, 0, 0, 0, 0, 0, 0, 0, 0, 0, 0, 0, 0, 0, 0, 0]
.\datasets\images\38130571.jpg	[2, 54, 22, 4, 219, 151, 7, 144, 976, 1, 45, 24, 977, 251, 3, 0, 0, 0, 0, 0, 0, 0, 0, 0, 0, 0, 0, 0, 0, 0, 0, 0, 0, 0, 0, 0, 0, 0, 0, 0]
.\datasets\images\3787916331.jpg	[2, 1, 376, 20, 19, 1303, 226, 7, 1, 1304, 66, 10, 250, 1, 1305, 6, 1, 1306, 126, 3, 0, 0, 0, 0, 0, 0, 0, 0, 0, 0, 0, 0, 0, 0, 0, 0, 0, 0, 0, 0]
.\datasets\images\223299142.jpg	[2, 5, 58, 10, 1385, 6, 1, 157, 237, 1386, 3, 0, 0, 0, 0, 0, 0, 0, 0, 0, 0, 0, 0, 0, 0, 0, 0, 0, 0, 0, 0, 0, 0, 0, 0, 0, 0, 0, 0, 0]
.\datasets\images\4570063255.jpg	[2, 691, 423, 9, 1, 134, 12, 19, 1, 424, 692, 11, 31, 693, 4, 5, 100, 3, 0, 0, 0, 0, 0, 0, 0, 0, 0, 0, 0, 0, 0, 0, 0, 0, 0, 0, 0, 0, 0, 0]
.\datasets\images\1925838315.jpg	[2, 1, 8, 4, 35, 363, 541, 11, 139, 3, 0, 0, 0, 0, 0, 0, 0, 0, 0, 0, 0, 0, 0, 0, 0, 0, 0, 0, 0, 0, 0, 0, 0, 0, 0, 0, 0, 0, 0, 0]
.\datasets\images\2442662073.jpg	[2, 1, 8, 10, 28, 6, 1, 236, 11, 108, 471, 3, 0, 0, 0, 0, 0, 0, 0, 0, 0, 0, 0, 0, 0, 0, 0, 0, 0, 0, 0, 0, 0, 0, 0, 0, 0, 0, 0, 0]
.\datasets\images\1713248047.jpg	[2, 5, 54, 62, 14, 27, 4, 230, 93, 3, 0, 0, 0, 0, 0, 0, 0, 0, 0, 0, 0, 0, 0, 0, 0, 0, 0, 0, 0, 0, 0, 0, 0, 0, 0, 0, 0, 0, 0, 0]
.\datasets\images\2427731202.jpg	[2, 1, 49, 38, 10, 33, 11, 1, 860, 3, 0, 0, 0, 0, 0, 0, 0, 0, 0, 0, 0, 0, 0, 0, 0, 0, 0, 0, 0, 0, 0, 0, 0, 0, 0, 0, 0, 0, 0, 0]
.\datasets\images\4431313468.jpg	[2, 18, 533, 60, 1, 396, 501, 176, 14, 201, 1269, 1270, 3, 0, 0, 0, 0, 0, 0, 0, 0, 0, 0, 0, 0, 0, 0, 0, 0, 0, 0, 0, 0, 0, 0, 0, 0, 0, 0, 0]
.\datasets\images\2155536271.jpg	[2, 170, 577, 33, 1, 185, 4, 32, 9, 1, 585, 70, 3, 0, 0, 0, 0, 0, 0, 0, 0, 0, 0, 0, 0, 0, 0, 0, 0, 0, 0, 0, 0, 0, 0, 0, 0, 0, 0, 0]
.\datasets\images\462383841.jpg	[2, 1, 12, 487, 6, 1, 813, 4, 814, 25, 53, 3, 0, 0, 0, 0, 0, 0, 0, 0, 0, 0, 0, 0, 0, 0, 0, 0, 0, 0, 0, 0, 0, 0, 0, 0, 0, 0, 0, 0]
.\datasets\images\4482109273.jpg	[2, 13, 22, 39, 272, 1, 125, 89, 11, 937, 938, 215, 4, 5, 939, 3, 0, 0, 0, 0, 0, 0, 0, 0, 0, 0, 0, 0, 0, 0, 0, 0, 0, 0, 0, 0, 0, 0, 0, 0]
.\datasets\images\2268115375.jpg	[2, 1, 8, 10, 113, 1374, 1375, 1376, 1, 1377, 3, 0, 0, 0, 0, 0, 0, 0, 0, 0, 0, 0, 0, 0, 0, 0, 0, 0, 0, 0, 0, 0, 0, 0, 0, 0, 0, 0, 0, 0]
.\datasets\images\4669598715.jpg	[2, 1, 12, 11, 1, 1378, 177, 1379, 1380, 1, 208, 3, 0, 0, 0, 0, 0, 0, 0, 0, 0, 0, 0, 0, 0, 0, 0, 0, 0, 0, 0, 0, 0, 0, 0, 0, 0, 0, 0, 0]
.\datasets\images\41531588.jpg	[2, 1, 8, 29, 57, 1, 547, 9, 127, 3, 0, 0, 0, 0, 0, 0, 0, 0, 0, 0, 0, 0, 0, 0, 0, 0, 0, 0, 0, 0, 0, 0, 0, 0, 0, 0, 0, 0, 0, 0]
.\datasets\images\2536004597.jpg	[2, 12, 189, 48, 256, 16, 1005, 5, 335, 30, 244, 105, 64, 9, 84, 3, 0, 0, 0, 0, 0, 0, 0, 0, 0, 0, 0, 0, 0, 0, 0, 0, 0, 0, 0, 0, 0, 0, 0, 0]
.\datasets\images\241596333.jpg	[2, 5, 8, 583, 6, 1, 604, 158, 284, 79, 4, 5, 122, 3, 0, 0, 0, 0, 0, 0, 0, 0, 0, 0, 0, 0, 0, 0, 0, 0, 0, 0, 0, 0, 0, 0, 0, 0, 0, 0]
.\datasets\images\4439145639.jpg	[2, 141, 10, 1, 8, 4, 1, 92, 83, 120, 10, 28, 6, 1, 140, 7, 137, 10, 65, 1, 262, 9, 108, 811, 3, 0, 0, 0, 0, 0, 0, 0, 0, 0, 0, 0, 0, 0, 0, 0]
.\datasets\images\14989976.jpg	[2, 134, 20, 117, 1, 855, 6, 1, 24, 103, 3, 0, 0, 0, 0, 0, 0, 0, 0, 0, 0, 0, 0, 0, 0, 0, 0, 0, 0, 0, 0, 0, 0, 0, 0, 0, 0, 0, 0, 0]
.\datasets\images\2244551043.jpg	[2, 5, 8, 7, 12, 17, 5, 102, 14, 751, 60, 16, 5, 8, 7, 12, 82, 97, 3, 0, 0, 0, 0, 0, 0, 0, 0, 0, 0, 0, 0, 0, 0, 0, 0, 0, 0, 0, 0, 0]
.\datasets\images\1397923690.jpg	[2, 1, 58, 1256, 36, 1, 314, 610, 3, 0, 0, 0, 0, 0, 0, 0, 0, 0, 0, 0, 0, 0, 0, 0, 0, 0, 0, 0, 0, 0, 0, 0, 0, 0, 0, 0, 0, 0, 0, 0]
.\datasets\images\2070067282.jpg	[2, 1, 8, 7, 12, 55, 17, 47, 1229, 4, 1, 102, 3, 0, 0, 0, 0, 0, 0, 0, 0, 0, 0, 0, 0, 0, 0, 0, 0, 0, 0, 0, 0, 0, 0, 0, 0, 0, 0, 0]
.\datasets\images\1772859261.jpg	[2, 26, 7, 24, 44, 19, 1, 463, 39, 76, 53, 3, 0, 0, 0, 0, 0, 0, 0, 0, 0, 0, 0, 0, 0, 0, 0, 0, 0, 0, 0, 0, 0, 0, 0, 0, 0, 0, 0, 0]
.\datasets\images\4179982279.jpg	[2, 18, 241, 434, 4, 5, 435, 710, 5, 711, 9, 712, 123, 3, 0, 0, 0, 0, 0, 0, 0, 0, 0, 0, 0, 0, 0, 0, 0, 0, 0, 0, 0, 0, 0, 0, 0, 0, 0, 0]
.\datasets\images\10956999.jpg	[2, 13, 22, 1368, 6, 5, 1369, 11, 1, 49, 38, 33, 4, 116, 3, 0, 0, 0, 0, 0, 0, 0, 0, 0, 0, 0, 0, 0, 0, 0, 0, 0, 0, 0, 0, 0, 0, 0, 0, 0]
.\datasets\images\1481062342.jpg	[2, 1, 21, 38, 369, 36, 1, 1496, 11, 184, 1497, 3, 0, 0, 0, 0, 0, 0, 0, 0, 0, 0, 0, 0, 0, 0, 0, 0, 0, 0, 0, 0, 0, 0, 0, 0, 0, 0, 0, 0]
.\datasets\images\4361532957.jpg	[2, 1, 37, 9, 18, 7, 47, 62, 17, 1, 44, 407, 3, 0, 0, 0, 0, 0, 0, 0, 0, 0, 0, 0, 0, 0, 0, 0, 0, 0, 0, 0, 0, 0, 0, 0, 0, 0, 0, 0]
.\datasets\images\1187252153.jpg	[2, 1, 8, 448, 736, 137, 106, 449, 3, 0, 0, 0, 0, 0, 0, 0, 0, 0, 0, 0, 0, 0, 0, 0, 0, 0, 0, 0, 0, 0, 0, 0, 0, 0, 0, 0, 0, 0, 0, 0]
.\datasets\images\196176872.jpg	[2, 1, 8, 6, 1, 511, 11, 1, 380, 466, 110, 35, 172, 3, 0, 0, 0, 0, 0, 0, 0, 0, 0, 0, 0, 0, 0, 0, 0, 0, 0, 0, 0, 0, 0, 0, 0, 0, 0, 0]
.\datasets\images\416825249.jpg	[2, 1, 142, 10, 28, 4, 1, 441, 17, 1, 122, 3, 0, 0, 0, 0, 0, 0, 0, 0, 0, 0, 0, 0, 0, 0, 0, 0, 0, 0, 0, 0, 0, 0, 0, 0, 0, 0, 0, 0]
.\datasets\images\1215804065.jpg	[2, 1, 58, 10, 1043, 65, 1, 88, 3, 0, 0, 0, 0, 0, 0, 0, 0, 0, 0, 0, 0, 0, 0, 0, 0, 0, 0, 0, 0, 0, 0, 0, 0, 0, 0, 0, 0, 0, 0, 0]
.\datasets\images\202174998.jpg	[2, 140, 1164, 17, 5, 72, 9, 1, 45, 140, 3, 0, 0, 0, 0, 0, 0, 0, 0, 0, 0, 0, 0, 0, 0, 0, 0, 0, 0, 0, 0, 0, 0, 0, 0, 0, 0, 0, 0, 0]
.\datasets\images\2152070348.jpg	[2, 1, 37, 9, 18, 67, 60, 1, 150, 1462, 47, 139, 3, 0, 0, 0, 0, 0, 0, 0, 0, 0, 0, 0, 0, 0, 0, 0, 0, 0, 0, 0, 0, 0, 0, 0, 0, 0, 0, 0]
.\datasets\images\2519483556.jpg	[2, 54, 52, 101, 99, 7, 1286, 177, 1287, 11, 47, 1288, 3, 0, 0, 0, 0, 0, 0, 0, 0, 0, 0, 0, 0, 0, 0, 0, 0, 0, 0, 0, 0, 0, 0, 0, 0, 0, 0, 0]
.\datasets\images\3868751073.jpg	[2, 1, 202, 704, 10, 705, 5, 706, 433, 707, 120, 10, 240, 16, 708, 5, 114, 3, 0, 0, 0, 0, 0, 0, 0, 0, 0, 0, 0, 0, 0, 0, 0, 0, 0, 0, 0, 0, 0, 0]
.\datasets\images\4319855412.jpg	[2, 1, 548, 60, 17, 1, 43, 178, 596, 1461, 185, 3, 0, 0, 0, 0, 0, 0, 0, 0, 0, 0, 0, 0, 0, 0, 0, 0, 0, 0, 0, 0, 0, 0, 0, 0, 0, 0, 0, 0]
.\datasets\images\4515615789.jpg	[2, 1, 20, 4, 1, 25, 270, 982, 1, 260, 3, 0, 0, 0, 0, 0, 0, 0, 0, 0, 0, 0, 0, 0, 0, 0, 0, 0, 0, 0, 0, 0, 0, 0, 0, 0, 0, 0, 0, 0]
.\datasets\images\4669966159.jpg	[2, 1, 8, 4, 1, 225, 634, 23, 164, 4, 32, 9, 1, 635, 636, 3, 0, 0, 0, 0, 0, 0, 0, 0, 0, 0, 0, 0, 0, 0, 0, 0, 0, 0, 0, 0, 0, 0, 0, 0]
.\datasets\images\2287887341.jpg	[2, 1, 44, 67, 4, 1, 143, 11, 200, 1110, 1111, 57, 3, 0, 0, 0, 0, 0, 0, 0, 0, 0, 0, 0, 0, 0, 0, 0, 0, 0, 0, 0, 0, 0, 0, 0, 0, 0, 0, 0]
.\datasets\images\422577096.jpg	[2, 1, 8, 128, 1, 21, 872, 42, 3, 0, 0, 0, 0, 0, 0, 0, 0, 0, 0, 0, 0, 0, 0, 0, 0, 0, 0, 0, 0, 0, 0, 0, 0, 0, 0, 0, 0, 0, 0, 0]
.\datasets\images\2065309381.jpg	[2, 315, 350, 36, 1, 1495, 610, 3, 0, 0, 0, 0, 0, 0, 0, 0, 0, 0, 0, 0, 0, 0, 0, 0, 0, 0, 0, 0, 0, 0, 0, 0, 0, 0, 0, 0, 0, 0, 0, 0]
.\datasets\images\1211184847.jpg	[2, 22, 28, 4, 1, 368, 180, 1401, 271, 17, 374, 3, 0, 0, 0, 0, 0, 0, 0, 0, 0, 0, 0, 0, 0, 0, 0, 0, 0, 0, 0, 0, 0, 0, 0, 0, 0, 0, 0, 0]
